224.77 223.78 233.52 235.34 01 3 3 0004
223.78 233.52 235.34 246.58 01 3 3 0005
233.52 235.34 246.58 249.55 01 3 3 0006
235.34 246.58 249.55 261.72 01 3 3 0007
246.58 249.55 261.72 264.56 01 3 3 0008
249.55 261.72 264.56 277.89 01 3 3 0009
261.72 264.56 277.89 279.59 01 3 3 0010
264.56 277.89 279.59 290.71 01 3 3 0011
277.89 279.59 290.71 293.47 01 3 3 0012
279.59 290.71 293.47 307.81 01 3 3 0013
290.71 293.47 307.81 310.80 01 3 3 0014
293.47 307.81 310.80 320.16 01 3 3 0015
307.81 310.80 320.16 320.16 01 3 3 0016
310.80 320.16 320.16 328.57 01 3 3 0017
320.16 320.16 328.57 326.31 01 3 3 0018
320.16 328.57 326.31 334.26 01 3 3 0019
328.57 326.31 334.26 331.45 01 3 3 0020
326.31 334.26 331.45 341.48 01 3 3 0021
334.26 331.45 341.48 336.13 01 3 3 0022
331.45 341.48 336.13 325.17 01 3 3 0023
341.48 336.13 325.17 295.84 01 3 3 0024
336.13 325.17 295.84 282.30 01 3 3 0025
325.17 295.84 282.30 266.93 01 3 3 0026
295.84 282.30 266.93 247.80 01 3 3 0027
282.30 266.93 247.80 217.79 01 3 3 0028
266.93 247.80 217.79 202.94 01 3 3 0029
247.80 217.79 202.94 190.55 01 3 3 0030
217.79 202.94 190.55 186.45 01 3 3 0031
202.94 190.55 186.45 161.93 01 3 3 0032
190.55 186.45 161.93 145.22 01 3 3 0033
186.45 161.93 145.22 118.63 01 3 3 0034
161.93 145.22 118.63 102.27 01 3 3 0035
145.22 118.63 102.27 082.84 01 3 3 0036
118.63 102.27 082.84 075.70 01 3 3 0037
102.27 082.84 075.70 061.80 01 3 3 0038
082.84 075.70 061.80 058.62 01 3 3 0039
075.70 061.80 058.62 045.55 01 3 3 0040
061.80 058.62 045.55 042.82 01 3 3 0041
058.62 045.55 042.82 031.23 02 1 3 0042
045.55 042.82 031.23 030.51 02 1 1 0043
042.82 031.23 030.51 020.68 02 1 1 0044
031.23 030.51 020.68 022.05 02 1 1 0045
030.51 020.68 022.05 014.92 02 1 1 0046
020.68 022.05 014.92 017.59 02 1 1 0047
022.05 014.92 017.59 008.51 03 0 0 0048
014.92 017.59 008.51 007.05 03 0 0 0049
017.59 008.51 007.05 000.33 03 0 0 0050
008.51 007.05 000.33 007.14 03 0 0 0051
007.05 000.33 007.14 002.49 03 0 0 0052
000.33 007.14 002.49 008.22 03 0 0 0053
007.14 002.49 008.22 003.94 03 0 0 0054
002.49 008.22 003.94 008.02 03 0 0 0055
008.22 003.94 008.02 003.88 03 0 0 0056
003.94 008.02 003.88 008.25 03 0 0 0057
008.02 003.88 008.25 004.06 03 0 0 0058
003.88 008.25 004.06 008.52 03 0 0 0059
008.25 004.06 008.52 003.75 03 0 0 0060
004.06 008.52 003.75 008.37 03 0 0 0061
008.52 003.75 008.37 003.54 03 0 0 0062
003.75 008.37 003.54 007.70 03 0 0 0063
008.37 003.54 007.70 003.59 03 0 0 0064
003.54 007.70 003.59 007.65 03 0 0 0065
007.70 003.59 007.65 003.04 03 0 0 0066
003.59 007.65 003.04 007.82 03 0 0 0067
007.65 003.04 007.82 004.03 03 0 0 0068
003.04 007.82 004.03 007.98 03 0 0 0069
007.82 004.03 007.98 003.64 03 0 0 0070
004.03 007.98 003.64 008.02 03 0 0 0071
007.98 003.64 008.02 004.10 03 0 0 0072
003.64 008.02 004.10 008.31 03 0 0 0073
008.02 004.10 008.31 004.07 03 0 0 0074
004.10 008.31 004.07 008.24 03 0 0 0075
008.31 004.07 008.24 003.29 03 0 0 0076
004.07 008.24 003.29 007.31 03 0 0 0077
008.24 003.29 007.31 003.59 03 0 0 0078
003.29 007.31 003.59 008.00 03 0 0 0079
007.31 003.59 008.00 003.61 03 0 0 0080
003.59 008.00 003.61 008.03 03 0 0 0081
008.00 003.61 008.03 003.90 03 0 0 0082
003.61 008.03 003.90 007.82 03 0 0 0083
008.03 003.90 007.82 003.77 03 0 0 0084
003.90 007.82 003.77 008.09 03 0 0 0085
007.82 003.77 008.09 003.83 03 0 0 0086
003.77 008.09 003.83 007.69 03 0 0 0087
008.09 003.83 007.69 003.58 03 0 0 0088
003.83 007.69 003.58 007.48 03 0 0 0089
007.69 003.58 007.48 003.47 03 0 0 0090
003.58 007.48 003.47 007.24 03 0 0 0091
007.48 003.47 007.24 003.62 03 0 0 0092
003.47 007.24 003.62 007.71 03 0 0 0093
007.24 003.62 007.71 003.93 03 0 0 0094
003.62 007.71 003.93 010.20 03 0 0 0095
007.71 003.93 010.20 006.71 03 0 0 0096
003.93 010.20 006.71 010.99 03 0 0 0097
010.20 006.71 010.99 007.23 03 0 0 0098
006.71 010.99 007.23 011.32 04 2 0 0099
010.99 007.23 011.32 007.93 04 2 0 0100
007.23 011.32 007.93 011.69 04 2 2 0101
011.32 007.93 011.69 004.33 04 2 2 0102
007.93 011.69 004.33 026.28 04 2 2 0103
011.69 004.33 026.28 042.16 04 2 2 0104
004.33 026.28 042.16 056.76 05 3 2 0105
026.28 042.16 056.76 059.42 05 3 2 0106
042.16 056.76 059.42 072.84 05 3 3 0107
056.76 059.42 072.84 077.19 05 3 3 0108
059.42 072.84 077.19 088.59 05 3 3 0109
072.84 077.19 088.59 090.76 05 3 3 0110
077.19 088.59 090.76 098.46 05 3 3 0111
088.59 090.76 098.46 103.31 05 3 3 0112
090.76 098.46 103.31 114.10 05 3 3 0113
098.46 103.31 114.10 118.99 05 3 3 0114
103.31 114.10 118.99 131.08 05 3 3 0115
114.10 118.99 131.08 136.69 05 3 3 0116
118.99 131.08 136.69 147.92 05 3 3 0117
131.08 136.69 147.92 153.79 05 3 3 0118
136.69 147.92 153.79 164.53 05 3 3 0119
147.92 153.79 164.53 169.16 05 3 3 0120
153.79 164.53 169.16 177.41 05 3 3 0121
164.53 169.16 177.41 178.89 05 3 3 0122
169.16 177.41 178.89 184.60 05 3 3 0123
177.41 178.89 184.60 187.63 05 3 3 0124
178.89 184.60 187.63 194.65 05 3 3 0125
184.60 187.63 194.65 196.38 05 3 3 0126
187.63 194.65 196.38 202.49 05 3 3 0127
194.65 196.38 202.49 205.46 05 3 3 0128
196.38 202.49 205.46 212.44 05 3 3 0129
202.49 205.46 212.44 212.57 05 3 3 0130
205.46 212.44 212.57 213.93 05 3 3 0131
212.44 212.57 213.93 211.42 05 3 3 0132
212.57 213.93 211.42 213.89 05 3 3 0133
213.93 211.42 213.89 213.80 05 3 3 0134
211.42 213.89 213.80 219.39 05 3 3 0135
213.89 213.80 219.39 221.86 05 3 3 0136
213.80 219.39 221.86 228.79 05 3 3 0137
219.39 221.86 228.79 234.90 05 3 3 0138
221.86 228.79 234.90 244.71 05 3 3 0139
228.79 234.90 244.71 252.39 05 3 3 0140
234.90 244.71 252.39 262.91 05 3 3 0141
244.71 252.39 262.91 270.65 05 3 3 0142
252.39 262.91 270.65 279.32 05 3 3 0143
262.91 270.65 279.32 286.53 05 3 3 0144
270.65 279.32 286.53 298.42 05 3 3 0145
279.32 286.53 298.42 308.24 05 3 3 0146
286.53 298.42 308.24 322.71 05 3 3 0147
298.42 308.24 322.71 333.70 05 3 3 0148
308.24 322.71 333.70 346.29 05 3 3 0149
322.71 333.70 346.29 355.29 05 3 3 0150
333.70 346.29 355.29 361.59 05 3 3 0151
346.29 355.29 361.59 366.50 05 3 3 0152
355.29 361.59 366.50 372.29 05 3 3 0153
361.59 366.50 372.29 375.94 05 3 3 0154
366.50 372.29 375.94 380.14 05 3 3 0155
372.29 375.94 380.14 383.38 05 3 3 0156
375.94 380.14 383.38 388.85 05 3 3 0157
380.14 383.38 388.85 392.28 05 3 3 0158
383.38 388.85 392.28 396.53 05 3 3 0159
388.85 392.28 396.53 399.65 05 3 3 0160
392.28 396.53 399.65 402.24 05 3 3 0161
396.53 399.65 402.24 404.15 05 3 3 0162
399.65 402.24 404.15 406.83 05 3 3 0163
402.24 404.15 406.83 408.26 05 3 3 0164
404.15 406.83 408.26 410.22 05 3 3 0165
406.83 408.26 410.22 411.87 05 3 3 0166
408.26 410.22 411.87 412.88 05 3 3 0167
410.22 411.87 412.88 413.76 05 3 3 0168
411.87 412.88 413.76 414.80 05 3 3 0169
412.88 413.76 414.80 415.40 05 3 3 0170
413.76 414.80 415.40 415.60 05 3 3 0171
414.80 415.40 415.60 415.98 05 3 3 0172
415.40 415.60 415.98 415.95 05 3 3 0173
415.60 415.98 415.95 417.10 05 3 3 0174
415.98 415.95 417.10 417.10 05 3 3 0175
415.95 417.10 417.10 418.73 05 3 3 0176
417.10 417.10 418.73 419.84 05 3 3 0177
417.10 418.73 419.84 422.37 05 3 3 0178
418.73 419.84 422.37 424.85 05 3 3 0179
419.84 422.37 424.85 428.56 05 3 3 0180
422.37 424.85 428.56 431.58 05 3 3 0181
424.85 428.56 431.58 436.12 05 3 3 0182
428.56 431.58 436.12 439.92 05 3 3 0183
431.58 436.12 439.92 445.20 05 3 3 0184
436.12 439.92 445.20 448.32 05 3 3 0185
439.92 445.20 448.32 451.56 05 3 3 0186
445.20 448.32 451.56 452.04 05 3 3 0187
448.32 451.56 452.04 449.90 05 3 3 0188
451.56 452.04 449.90 441.27 05 3 3 0189
452.04 449.90 441.27 432.89 05 3 3 0190
449.90 441.27 432.89 425.85 05 3 3 0191
441.27 432.89 425.85 423.51 05 3 3 0192
432.89 425.85 423.51 418.31 05 3 3 0193
425.85 423.51 418.31 411.24 05 3 3 0194
423.51 418.31 411.24 399.98 05 3 3 0195
418.31 411.24 399.98 390.21 05 3 3 0196
411.24 399.98 390.21 379.26 05 3 3 0197
399.98 390.21 379.26 371.01 05 3 3 0198
390.21 379.26 371.01 360.22 05 3 3 0199
379.26 371.01 360.22 342.53 05 3 3 0200
371.01 360.22 342.53 321.62 05 3 3 0201
360.22 342.53 321.62 299.55 05 3 3 0202
342.53 321.62 299.55 276.11 05 3 3 0203
321.62 299.55 276.11 254.50 05 3 3 0204
299.55 276.11 254.50 238.24 05 3 3 0205
276.11 254.50 238.24 229.89 05 3 3 0206
254.50 238.24 229.89 219.93 05 3 3 0207
238.24 229.89 219.93 214.53 05 3 3 0208
229.89 219.93 214.53 207.24 05 3 3 0209
219.93 214.53 207.24 204.80 05 3 3 0210
214.53 207.24 204.80 199.55 05 3 3 0211
207.24 204.80 199.55 197.04 05 3 3 0212
204.80 199.55 197.04 190.39 05 3 3 0213
199.55 197.04 190.39 183.08 05 3 3 0214
197.04 190.39 183.08 163.37 05 3 3 0215
190.39 183.08 163.37 142.75 05 3 3 0216
183.08 163.37 142.75 120.41 05 3 3 0217
163.37 142.75 120.41 106.81 05 3 3 0218
142.75 120.41 106.81 089.95 05 3 3 0219
120.41 106.81 089.95 079.69 05 3 3 0220
106.81 089.95 079.69 067.49 05 3 3 0221
089.95 079.69 067.49 061.16 05 3 3 0222
079.69 067.49 061.16 046.99 05 3 3 0223
067.49 061.16 046.99 026.72 06 1 3 0224
061.16 046.99 026.72 005.74 06 1 1 0225
046.99 026.72 005.74 010.31 06 1 1 0226
026.72 005.74 010.31 007.54 06 1 1 0227
005.74 010.31 007.54 012.30 06 1 1 0228
010.31 007.54 012.30 010.49 06 1 1 0229
007.54 012.30 010.49 013.68 07 0 0 0230
012.30 010.49 013.68 010.83 07 0 0 0231
010.49 013.68 010.83 013.57 07 0 0 0232
013.68 010.83 013.57 010.24 07 0 0 0233
010.83 013.57 010.24 012.74 07 0 0 0234
013.57 010.24 012.74 009.47 07 0 0 0235
010.24 012.74 009.47 012.36 07 0 0 0236
012.74 009.47 012.36 009.35 07 0 0 0237
009.47 012.36 009.35 012.63 07 0 0 0238
012.36 009.35 012.63 010.41 07 0 0 0239
009.35 012.63 010.41 013.47 07 0 0 0240
012.63 010.41 013.47 010.35 07 0 0 0241
010.41 013.47 010.35 013.98 07 0 0 0242
013.47 010.35 013.98 010.69 07 0 0 0243
010.35 013.98 010.69 013.75 07 0 0 0244
013.98 010.69 013.75 010.44 07 0 0 0245
010.69 013.75 010.44 013.91 07 0 0 0246
013.75 010.44 013.91 010.14 07 0 0 0247
010.44 013.91 010.14 013.86 07 0 0 0248
013.91 010.14 013.86 010.17 07 0 0 0249
010.14 013.86 010.17 013.56 07 0 0 0250
013.86 010.17 013.56 009.83 07 0 0 0251
010.17 013.56 009.83 013.21 07 0 0 0252
013.56 009.83 013.21 009.29 07 0 0 0253
009.83 013.21 009.29 013.43 07 0 0 0254
013.21 009.29 013.43 009.42 07 0 0 0255
009.29 013.43 009.42 013.19 07 0 0 0256
013.43 009.42 013.19 009.60 07 0 0 0257
009.42 013.19 009.60 013.46 07 0 0 0258
013.19 009.60 013.46 009.91 07 0 0 0259
009.60 013.46 009.91 014.26 07 0 0 0260
013.46 009.91 014.26 009.82 07 0 0 0261
009.91 014.26 009.82 013.69 07 0 0 0262
014.26 009.82 013.69 009.90 07 0 0 0263
009.82 013.69 009.90 013.69 07 0 0 0264
013.69 009.90 013.69 009.22 07 0 0 0265
009.90 013.69 009.22 013.53 07 0 0 0266
013.69 009.22 013.53 008.65 07 0 0 0267
009.22 013.53 008.65 013.33 07 0 0 0268
013.53 008.65 013.33 008.79 07 0 0 0269
008.65 013.33 008.79 013.62 07 0 0 0270
013.33 008.79 013.62 009.36 07 0 0 0271
008.79 013.62 009.36 014.34 07 0 0 0272
013.62 009.36 014.34 009.63 07 0 0 0273
009.36 014.34 009.63 014.60 07 0 0 0274
014.34 009.63 014.60 009.92 08 2 0 0275
009.63 014.60 009.92 016.65 08 2 0 0276
014.60 009.92 016.65 011.91 08 2 2 0277
009.92 016.65 011.91 018.65 08 2 2 0278
016.65 011.91 018.65 028.28 08 2 2 0279
011.91 018.65 028.28 051.45 08 2 2 0280
018.65 028.28 051.45 053.43 09 3 2 0281
028.28 051.45 053.43 071.74 09 3 2 0282
051.45 053.43 071.74 071.30 09 3 3 0283
053.43 071.74 071.30 080.33 09 3 3 0284
071.74 071.30 080.33 076.63 09 3 3 0285
071.30 080.33 076.63 085.74 09 3 3 0286
080.33 076.63 085.74 084.31 09 3 3 0287
076.63 085.74 084.31 093.22 09 3 3 0288
085.74 084.31 093.22 092.10 09 3 3 0289
084.31 093.22 092.10 104.32 09 3 3 0290
093.22 092.10 104.32 110.72 09 3 3 0291
092.10 104.32 110.72 128.26 09 3 3 0292
104.32 110.72 128.26 134.90 09 3 3 0293
110.72 128.26 134.90 150.48 09 3 3 0294
128.26 134.90 150.48 156.24 09 3 3 0295
134.90 150.48 156.24 171.80 09 3 3 0296
150.48 156.24 171.80 175.92 09 3 3 0297
156.24 171.80 175.92 189.35 09 3 3 0298
171.80 175.92 189.35 190.36 09 3 3 0299
175.92 189.35 190.36 200.56 09 3 3 0300
189.35 190.36 200.56 200.04 09 3 3 0301
190.36 200.56 200.04 209.15 09 3 3 0302
200.56 200.04 209.15 208.60 09 3 3 0303
200.04 209.15 208.60 218.49 09 3 3 0304
209.15 208.60 218.49 218.44 09 3 3 0305
208.60 218.49 218.44 226.97 09 3 3 0306
218.49 218.44 226.97 225.29 09 3 3 0307
218.44 226.97 225.29 234.62 09 3 3 0308
226.97 225.29 234.62 232.68 09 3 3 0309
225.29 234.62 232.68 240.00 09 3 3 0310
234.62 232.68 240.00 236.44 09 3 3 0311
232.68 240.00 236.44 242.26 09 3 3 0312
240.00 236.44 242.26 236.26 09 3 3 0313
236.44 242.26 236.26 241.35 09 3 3 0314
242.26 236.26 241.35 235.00 09 3 3 0315
236.26 241.35 235.00 238.65 09 3 3 0316
241.35 235.00 238.65 231.99 09 3 3 0317
235.00 238.65 231.99 235.37 09 3 3 0318
238.65 231.99 235.37 228.33 09 3 3 0319
231.99 235.37 228.33 232.65 09 3 3 0320
235.37 228.33 232.65 226.99 09 3 3 0321
228.33 232.65 226.99 231.77 09 3 3 0322
232.65 226.99 231.77 226.31 09 3 3 0323
226.99 231.77 226.31 231.94 09 3 3 0324
231.77 226.31 231.94 227.02 09 3 3 0325
226.31 231.94 227.02 232.50 09 3 3 0326
231.94 227.02 232.50 227.00 09 3 3 0327
227.02 232.50 227.00 231.40 09 3 3 0328
232.50 227.00 231.40 224.52 09 3 3 0329
227.00 231.40 224.52 227.62 09 3 3 0330
231.40 224.52 227.62 219.83 09 3 3 0331
224.52 227.62 219.83 222.28 09 3 3 0332
227.62 219.83 222.28 214.94 09 3 3 0333
219.83 222.28 214.94 217.16 09 3 3 0334
222.28 214.94 217.16 208.34 09 3 3 0335
214.94 217.16 208.34 209.75 09 3 3 0336
217.16 208.34 209.75 201.35 09 3 3 0337
208.34 209.75 201.35 203.30 09 3 3 0338
209.75 201.35 203.30 195.95 09 3 3 0339
201.35 203.30 195.95 199.42 09 3 3 0340
203.30 195.95 199.42 194.39 09 3 3 0341
195.95 199.42 194.39 200.40 09 3 3 0342
199.42 194.39 200.40 198.26 09 3 3 0343
194.39 200.40 198.26 208.53 09 3 3 0344
200.40 198.26 208.53 208.00 09 3 3 0345
198.26 208.53 208.00 215.94 09 3 3 0346
208.53 208.00 215.94 210.27 09 3 3 0347
208.00 215.94 210.27 215.64 09 3 3 0348
215.94 210.27 215.64 212.42 09 3 3 0349
210.27 215.64 212.42 218.51 09 3 3 0350
215.64 212.42 218.51 215.70 09 3 3 0351
212.42 218.51 215.70 225.19 09 3 3 0352
218.51 215.70 225.19 227.98 09 3 3 0353
215.70 225.19 227.98 240.41 09 3 3 0354
225.19 227.98 240.41 243.80 09 3 3 0355
227.98 240.41 243.80 258.64 09 3 3 0356
240.41 243.80 258.64 263.85 09 3 3 0357
243.80 258.64 263.85 276.61 09 3 3 0358
258.64 263.85 276.61 278.80 09 3 3 0359
263.85 276.61 278.80 291.10 09 3 3 0360
276.61 278.80 291.10 296.09 09 3 3 0361
278.80 291.10 296.09 310.75 09 3 3 0362
291.10 296.09 310.75 317.31 09 3 3 0363
296.09 310.75 317.31 332.22 09 3 3 0364
310.75 317.31 332.22 338.66 09 3 3 0365
317.31 332.22 338.66 351.69 09 3 3 0366
332.22 338.66 351.69 353.82 09 3 3 0367
338.66 351.69 353.82 363.80 09 3 3 0368
351.69 353.82 363.80 365.08 09 3 3 0369
353.82 363.80 365.08 371.75 09 3 3 0370
363.80 365.08 371.75 365.67 09 3 3 0371
365.08 371.75 365.67 364.73 09 3 3 0372
371.75 365.67 364.73 351.44 09 3 3 0373
365.67 364.73 351.44 328.63 09 3 3 0374
364.73 351.44 328.63 303.40 09 3 3 0375
351.44 328.63 303.40 284.98 09 3 3 0376
328.63 303.40 284.98 266.17 09 3 3 0377
303.40 284.98 266.17 250.32 09 3 3 0378
284.98 266.17 250.32 220.85 09 3 3 0379
266.17 250.32 220.85 203.31 09 3 3 0380
250.32 220.85 203.31 177.77 09 3 3 0381
220.85 203.31 177.77 163.31 09 3 3 0382
203.31 177.77 163.31 139.77 09 3 3 0383
177.77 163.31 139.77 119.49 09 3 3 0384
163.31 139.77 119.49 094.75 09 3 3 0385
139.77 119.49 094.75 081.75 09 3 3 0386
119.49 094.75 081.75 065.04 09 3 3 0387
094.75 081.75 065.04 056.47 09 3 3 0388
081.75 065.04 056.47 041.35 09 3 3 0389
065.04 056.47 041.35 034.09 09 3 3 0390
056.47 041.35 034.09 022.51 10 1 3 0391
041.35 034.09 022.51 020.31 10 1 1 0392
034.09 022.51 020.31 013.83 10 1 1 0393
022.51 020.31 013.83 014.24 10 1 1 0394
020.31 013.83 014.24 005.73 10 1 1 0395
013.83 014.24 005.73 002.60 10 1 1 0396
014.24 005.73 002.60 -00.12 11 0 0 0397
005.73 002.60 -00.12 003.41 11 0 0 0398
002.60 -00.12 003.41 001.22 11 0 0 0399
-00.12 003.41 001.22 005.27 11 0 0 0400
003.41 001.22 005.27 002.41 11 0 0 0401
001.22 005.27 002.41 005.11 11 0 0 0402
005.27 002.41 005.11 002.56 11 0 0 0403
002.41 005.11 002.56 005.18 11 0 0 0404
005.11 002.56 005.18 002.25 11 0 0 0405
002.56 005.18 002.25 005.03 11 0 0 0406
005.18 002.25 005.03 002.87 11 0 0 0407
002.25 005.03 002.87 005.04 11 0 0 0408
005.03 002.87 005.04 002.56 11 0 0 0409
002.87 005.04 002.56 005.07 11 0 0 0410
005.04 002.56 005.07 002.66 11 0 0 0411
002.56 005.07 002.66 005.24 11 0 0 0412
005.07 002.66 005.24 002.66 11 0 0 0413
002.66 005.24 002.66 005.10 11 0 0 0414
005.24 002.66 005.10 003.43 11 0 0 0415
002.66 005.10 003.43 005.03 11 0 0 0416
005.10 003.43 005.03 003.07 11 0 0 0417
003.43 005.03 003.07 005.32 11 0 0 0418
005.03 003.07 005.32 002.48 11 0 0 0419
003.07 005.32 002.48 004.34 11 0 0 0420
005.32 002.48 004.34 002.18 11 0 0 0421
002.48 004.34 002.18 004.43 11 0 0 0422
004.34 002.18 004.43 002.15 11 0 0 0423
002.18 004.43 002.15 004.63 11 0 0 0424
004.43 002.15 004.63 002.85 11 0 0 0425
002.15 004.63 002.85 004.68 11 0 0 0426
004.63 002.85 004.68 002.69 11 0 0 0427
002.85 004.68 002.69 005.18 11 0 0 0428
004.68 002.69 005.18 003.52 11 0 0 0429
002.69 005.18 003.52 004.90 11 0 0 0430
005.18 003.52 004.90 003.05 11 0 0 0431
003.52 004.90 003.05 005.32 11 0 0 0432
004.90 003.05 005.32 003.51 11 0 0 0433
003.05 005.32 003.51 004.73 11 0 0 0434
005.32 003.51 004.73 003.06 11 0 0 0435
003.51 004.73 003.06 004.40 11 0 0 0436
004.73 003.06 004.40 002.59 11 0 0 0437
003.06 004.40 002.59 004.07 11 0 0 0438
004.40 002.59 004.07 002.42 11 0 0 0439
002.59 004.07 002.42 004.14 11 0 0 0440
004.07 002.42 004.14 002.64 11 0 0 0441
002.42 004.14 002.64 004.28 11 0 0 0442
004.14 002.64 004.28 003.52 11 0 0 0443
002.64 004.28 003.52 004.98 11 0 0 0444
004.28 003.52 004.98 004.19 11 0 0 0445
003.52 004.98 004.19 005.69 12 2 0 0446
004.98 004.19 005.69 006.25 12 2 0 0447
004.19 005.69 006.25 008.21 12 2 2 0448
005.69 006.25 008.21 009.87 12 2 2 0449
006.25 008.21 009.87 027.48 12 2 2 0450
008.21 009.87 027.48 041.24 12 2 2 0451
009.87 027.48 041.24 052.32 13 3 2 0452
027.48 041.24 052.32 062.60 13 3 2 0453
041.24 052.32 062.60 065.82 13 3 3 0454
052.32 062.60 065.82 066.44 13 3 3 0455
062.60 065.82 066.44 068.59 13 3 3 0456
065.82 066.44 068.59 071.24 13 3 3 0457
066.44 068.59 071.24 073.31 13 3 3 0458
068.59 071.24 073.31 074.36 13 3 3 0459
071.24 073.31 074.36 079.92 13 3 3 0460
073.31 074.36 079.92 085.82 13 3 3 0461
074.36 079.92 085.82 092.75 13 3 3 0462
079.92 085.82 092.75 104.23 13 3 3 0463
085.82 092.75 104.23 119.68 13 3 3 0464
092.75 104.23 119.68 137.13 13 3 3 0465
104.23 119.68 137.13 152.67 13 3 3 0466
119.68 137.13 152.67 169.89 13 3 3 0467
137.13 152.67 169.89 183.82 13 3 3 0468
152.67 169.89 183.82 191.63 13 3 3 0469
169.89 183.82 191.63 198.57 13 3 3 0470
183.82 191.63 198.57 202.46 13 3 3 0471
191.63 198.57 202.46 203.46 13 3 3 0472
198.57 202.46 203.46 205.14 13 3 3 0473
202.46 203.46 205.14 205.87 13 3 3 0474
203.46 205.14 205.87 207.25 13 3 3 0475
205.14 205.87 207.25 208.33 13 3 3 0476
205.87 207.25 208.33 209.57 13 3 3 0477
207.25 208.33 209.57 210.08 13 3 3 0478
208.33 209.57 210.08 211.87 13 3 3 0479
209.57 210.08 211.87 211.32 13 3 3 0480
210.08 211.87 211.32 212.74 13 3 3 0481
211.87 211.32 212.74 213.46 13 3 3 0482
211.32 212.74 213.46 216.99 13 3 3 0483
212.74 213.46 216.99 218.14 13 3 3 0484
213.46 216.99 218.14 219.78 13 3 3 0485
216.99 218.14 219.78 219.76 13 3 3 0486
218.14 219.78 219.76 220.77 13 3 3 0487
219.78 219.76 220.77 218.24 13 3 3 0488
219.76 220.77 218.24 218.31 13 3 3 0489
220.77 218.24 218.31 216.49 13 3 3 0490
218.24 218.31 216.49 216.24 13 3 3 0491
218.31 216.49 216.24 213.07 13 3 3 0492
216.49 216.24 213.07 212.17 13 3 3 0493
216.24 213.07 212.17 209.00 13 3 3 0494
213.07 212.17 209.00 208.77 13 3 3 0495
212.17 209.00 208.77 205.88 13 3 3 0496
209.00 208.77 205.88 206.71 13 3 3 0497
208.77 205.88 206.71 204.57 13 3 3 0498
205.88 206.71 204.57 206.14 13 3 3 0499
206.71 204.57 206.14 204.88 13 3 3 0500
204.57 206.14 204.88 207.66 13 3 3 0501
206.14 204.88 207.66 206.71 13 3 3 0502
204.88 207.66 206.71 209.68 13 3 3 0503
207.66 206.71 209.68 210.02 13 3 3 0504
206.71 209.68 210.02 214.33 13 3 3 0505
209.68 210.02 214.33 214.55 13 3 3 0506
210.02 214.33 214.55 218.20 13 3 3 0507
214.33 214.55 218.20 217.15 13 3 3 0508
214.55 218.20 217.15 220.43 13 3 3 0509
218.20 217.15 220.43 218.96 13 3 3 0510
217.15 220.43 218.96 222.48 13 3 3 0511
220.43 218.96 222.48 223.18 13 3 3 0512
218.96 222.48 223.18 227.48 13 3 3 0513
222.48 223.18 227.48 228.09 13 3 3 0514
223.18 227.48 228.09 235.32 13 3 3 0515
227.48 228.09 235.32 236.09 13 3 3 0516
228.09 235.32 236.09 240.98 13 3 3 0517
235.32 236.09 240.98 241.95 13 3 3 0518
236.09 240.98 241.95 246.03 13 3 3 0519
240.98 241.95 246.03 245.30 13 3 3 0520
241.95 246.03 245.30 249.32 13 3 3 0521
246.03 245.30 249.32 250.06 13 3 3 0522
245.30 249.32 250.06 257.09 13 3 3 0523
249.32 250.06 257.09 258.13 13 3 3 0524
250.06 257.09 258.13 264.22 13 3 3 0525
257.09 258.13 264.22 267.27 13 3 3 0526
258.13 264.22 267.27 275.84 13 3 3 0527
264.22 267.27 275.84 280.61 13 3 3 0528
267.27 275.84 280.61 291.30 13 3 3 0529
275.84 280.61 291.30 297.83 13 3 3 0530
280.61 291.30 297.83 308.06 13 3 3 0531
291.30 297.83 308.06 312.62 13 3 3 0532
297.83 308.06 312.62 323.32 13 3 3 0533
308.06 312.62 323.32 327.61 13 3 3 0534
312.62 323.32 327.61 336.78 13 3 3 0535
323.32 327.61 336.78 341.70 13 3 3 0536
327.61 336.78 341.70 353.46 13 3 3 0537
336.78 341.70 353.46 358.35 13 3 3 0538
341.70 353.46 358.35 369.75 13 3 3 0539
353.46 358.35 369.75 375.96 13 3 3 0540
358.35 369.75 375.96 389.67 13 3 3 0541
369.75 375.96 389.67 402.40 13 3 3 0542
375.96 389.67 402.40 406.32 13 3 3 0543
389.67 402.40 406.32 399.69 13 3 3 0544
402.40 406.32 399.69 396.90 13 3 3 0545
406.32 399.69 396.90 383.16 13 3 3 0546
399.69 396.90 383.16 368.99 13 3 3 0547
396.90 383.16 368.99 345.64 13 3 3 0548
383.16 368.99 345.64 334.83 13 3 3 0549
368.99 345.64 334.83 321.90 13 3 3 0550
345.64 334.83 321.90 299.35 13 3 3 0551
334.83 321.90 299.35 267.16 13 3 3 0552
321.90 299.35 267.16 250.04 13 3 3 0553
299.35 267.16 250.04 229.26 13 3 3 0554
267.16 250.04 229.26 220.27 13 3 3 0555
250.04 229.26 220.27 206.68 13 3 3 0556
229.26 220.27 206.68 189.33 13 3 3 0557
220.27 206.68 189.33 166.13 13 3 3 0558
206.68 189.33 166.13 149.93 13 3 3 0559
189.33 166.13 149.93 124.49 13 3 3 0560
166.13 149.93 124.49 107.59 13 3 3 0561
149.93 124.49 107.59 092.20 13 3 3 0562
124.49 107.59 092.20 089.37 13 3 3 0563
107.59 092.20 089.37 080.76 13 3 3 0564
092.20 089.37 080.76 078.98 13 3 3 0565
089.37 080.76 078.98 071.09 13 3 3 0566
080.76 078.98 071.09 068.60 13 3 3 0567
078.98 071.09 068.60 059.33 13 3 3 0568
071.09 068.60 059.33 057.66 13 3 3 0569
068.60 059.33 057.66 047.78 13 3 3 0570
059.33 057.66 047.78 045.46 13 3 3 0571
057.66 047.78 045.46 033.89 14 1 3 0572
047.78 045.46 033.89 026.70 14 1 1 0573
045.46 033.89 026.70 007.53 14 1 1 0574
033.89 026.70 007.53 004.14 14 1 1 0575
026.70 007.53 004.14 000.92 14 1 1 0576
007.53 004.14 000.92 005.43 14 1 1 0577
004.14 000.92 005.43 002.48 15 0 0 0578
000.92 005.43 002.48 007.28 15 0 0 0579
005.43 002.48 007.28 002.96 15 0 0 0580
002.48 007.28 002.96 007.15 15 0 0 0581
007.28 002.96 007.15 002.55 15 0 0 0582
002.96 007.15 002.55 006.86 15 0 0 0583
007.15 002.55 006.86 002.22 15 0 0 0584
002.55 006.86 002.22 007.11 15 0 0 0585
006.86 002.22 007.11 002.59 15 0 0 0586
002.22 007.11 002.59 007.45 15 0 0 0587
007.11 002.59 007.45 002.63 15 0 0 0588
002.59 007.45 002.63 007.32 15 0 0 0589
007.45 002.63 007.32 003.22 15 0 0 0590
002.63 007.32 003.22 007.48 15 0 0 0591
007.32 003.22 007.48 002.54 15 0 0 0592
003.22 007.48 002.54 007.52 15 0 0 0593
007.48 002.54 007.52 002.39 15 0 0 0594
002.54 007.52 002.39 007.33 15 0 0 0595
007.52 002.39 007.33 002.39 15 0 0 0596
002.39 007.33 002.39 007.44 15 0 0 0597
007.33 002.39 007.44 002.91 15 0 0 0598
002.39 007.44 002.91 007.49 15 0 0 0599
007.44 002.91 007.49 003.04 15 0 0 0600
002.91 007.49 003.04 007.88 15 0 0 0601
007.49 003.04 007.88 003.10 15 0 0 0602
003.04 007.88 003.10 007.35 15 0 0 0603
007.88 003.10 007.35 002.37 15 0 0 0604
003.10 007.35 002.37 007.17 15 0 0 0605
007.35 002.37 007.17 002.05 15 0 0 0606
002.37 007.17 002.05 007.22 15 0 0 0607
007.17 002.05 007.22 002.00 15 0 0 0608
002.05 007.22 002.00 007.43 15 0 0 0609
007.22 002.00 007.43 002.48 15 0 0 0610
002.00 007.43 002.48 008.02 15 0 0 0611
007.43 002.48 008.02 002.65 15 0 0 0612
002.48 008.02 002.65 008.30 15 0 0 0613
008.02 002.65 008.30 002.66 15 0 0 0614
002.65 008.30 002.66 008.03 15 0 0 0615
008.30 002.66 008.03 002.55 15 0 0 0616
002.66 008.03 002.55 007.54 15 0 0 0617
008.03 002.55 007.54 001.56 15 0 0 0618
002.55 007.54 001.56 006.97 15 0 0 0619
007.54 001.56 006.97 001.33 15 0 0 0620
001.56 006.97 001.33 007.06 15 0 0 0621
006.97 001.33 007.06 001.32 15 0 0 0622
001.33 007.06 001.32 007.21 15 0 0 0623
007.06 001.32 007.21 001.79 15 0 0 0624
001.32 007.21 001.79 007.43 15 0 0 0625
007.21 001.79 007.43 002.22 15 0 0 0626
001.79 007.43 002.22 008.31 15 0 0 0627
007.43 002.22 008.31 003.56 16 2 0 0628
002.22 008.31 003.56 011.49 16 2 0 0629
008.31 003.56 011.49 006.06 16 2 2 0630
003.56 011.49 006.06 014.26 16 2 2 0631
011.49 006.06 014.26 016.77 16 2 2 0632
006.06 014.26 016.77 035.04 16 2 2 0633
014.26 016.77 035.04 046.37 17 3 2 0634
016.77 035.04 046.37 071.74 17 3 2 0635
035.04 046.37 071.74 069.69 17 3 3 0636
046.37 071.74 069.69 075.47 17 3 3 0637
071.74 069.69 075.47 075.59 17 3 3 0638
069.69 075.47 075.59 091.63 17 3 3 0639
075.47 075.59 091.63 095.15 17 3 3 0640
075.59 091.63 095.15 107.83 17 3 3 0641
091.63 095.15 107.83 110.76 17 3 3 0642
095.15 107.83 110.76 129.75 17 3 3 0643
107.83 110.76 129.75 142.96 17 3 3 0644
110.76 129.75 142.96 167.72 17 3 3 0645
129.75 142.96 167.72 170.60 17 3 3 0646
142.96 167.72 170.60 188.88 17 3 3 0647
167.72 170.60 188.88 192.19 17 3 3 0648
170.60 188.88 192.19 203.32 17 3 3 0649
188.88 192.19 203.32 205.42 17 3 3 0650
192.19 203.32 205.42 216.92 17 3 3 0651
203.32 205.42 216.92 216.25 17 3 3 0652
205.42 216.92 216.25 225.52 17 3 3 0653
216.92 216.25 225.52 223.33 17 3 3 0654
216.25 225.52 223.33 230.98 17 3 3 0655
225.52 223.33 230.98 228.02 17 3 3 0656
223.33 230.98 228.02 234.33 17 3 3 0657
230.98 228.02 234.33 231.46 17 3 3 0658
228.02 234.33 231.46 236.86 17 3 3 0659
234.33 231.46 236.86 233.03 17 3 3 0660
231.46 236.86 233.03 238.46 17 3 3 0661
236.86 233.03 238.46 235.08 17 3 3 0662
233.03 238.46 235.08 239.17 17 3 3 0663
238.46 235.08 239.17 231.03 17 3 3 0664
235.08 239.17 231.03 231.87 17 3 3 0665
239.17 231.03 231.87 224.42 17 3 3 0666
231.03 231.87 224.42 225.19 17 3 3 0667
231.87 224.42 225.19 218.01 17 3 3 0668
224.42 225.19 218.01 220.12 17 3 3 0669
225.19 218.01 220.12 213.31 17 3 3 0670
218.01 220.12 213.31 213.88 17 3 3 0671
220.12 213.31 213.88 207.66 17 3 3 0672
213.31 213.88 207.66 210.09 17 3 3 0673
213.88 207.66 210.09 204.48 17 3 3 0674
207.66 210.09 204.48 208.02 17 3 3 0675
210.09 204.48 208.02 204.23 17 3 3 0676
204.48 208.02 204.23 207.87 17 3 3 0677
208.02 204.23 207.87 204.04 17 3 3 0678
204.23 207.87 204.04 207.19 17 3 3 0679
207.87 204.04 207.19 204.14 17 3 3 0680
204.04 207.19 204.14 208.97 17 3 3 0681
207.19 204.14 208.97 206.02 17 3 3 0682
204.14 208.97 206.02 210.31 17 3 3 0683
208.97 206.02 210.31 208.65 17 3 3 0684
206.02 210.31 208.65 215.27 17 3 3 0685
210.31 208.65 215.27 213.44 17 3 3 0686
208.65 215.27 213.44 218.89 17 3 3 0687
215.27 213.44 218.89 217.17 17 3 3 0688
213.44 218.89 217.17 222.19 17 3 3 0689
218.89 217.17 222.19 219.43 17 3 3 0690
217.17 222.19 219.43 222.28 17 3 3 0691
222.19 219.43 222.28 218.23 17 3 3 0692
219.43 222.28 218.23 219.23 17 3 3 0693
222.28 218.23 219.23 214.38 17 3 3 0694
218.23 219.23 214.38 215.49 17 3 3 0695
219.23 214.38 215.49 210.79 17 3 3 0696
214.38 215.49 210.79 213.39 17 3 3 0697
215.49 210.79 213.39 208.87 17 3 3 0698
210.79 213.39 208.87 211.95 17 3 3 0699
213.39 208.87 211.95 209.63 17 3 3 0700
208.87 211.95 209.63 214.42 17 3 3 0701
211.95 209.63 214.42 214.92 17 3 3 0702
209.63 214.42 214.92 222.67 17 3 3 0703
214.42 214.92 222.67 226.34 17 3 3 0704
214.92 222.67 226.34 235.92 17 3 3 0705
222.67 226.34 235.92 241.02 17 3 3 0706
226.34 235.92 241.02 251.48 17 3 3 0707
235.92 241.02 251.48 256.95 17 3 3 0708
241.02 251.48 256.95 267.61 17 3 3 0709
251.48 256.95 267.61 274.96 17 3 3 0710
256.95 267.61 274.96 289.42 17 3 3 0711
267.61 274.96 289.42 300.15 17 3 3 0712
274.96 289.42 300.15 316.64 17 3 3 0713
289.42 300.15 316.64 329.75 17 3 3 0714
300.15 316.64 329.75 346.04 17 3 3 0715
316.64 329.75 346.04 354.54 17 3 3 0716
329.75 346.04 354.54 366.26 17 3 3 0717
346.04 354.54 366.26 373.20 17 3 3 0718
354.54 366.26 373.20 383.52 17 3 3 0719
366.26 373.20 383.52 388.75 17 3 3 0720
373.20 383.52 388.75 396.50 17 3 3 0721
383.52 388.75 396.50 398.15 17 3 3 0722
388.75 396.50 398.15 396.19 17 3 3 0723
396.50 398.15 396.19 387.16 17 3 3 0724
398.15 396.19 387.16 373.68 17 3 3 0725
396.19 387.16 373.68 346.83 17 3 3 0726
387.16 373.68 346.83 320.79 17 3 3 0727
373.68 346.83 320.79 294.27 17 3 3 0728
346.83 320.79 294.27 279.67 17 3 3 0729
320.79 294.27 279.67 261.92 17 3 3 0730
294.27 279.67 261.92 244.81 17 3 3 0731
279.67 261.92 244.81 226.92 17 3 3 0732
261.92 244.81 226.92 215.68 17 3 3 0733
244.81 226.92 215.68 201.34 17 3 3 0734
226.92 215.68 201.34 188.07 17 3 3 0735
215.68 201.34 188.07 171.95 17 3 3 0736
201.34 188.07 171.95 160.07 17 3 3 0737
188.07 171.95 160.07 144.30 17 3 3 0738
171.95 160.07 144.30 130.20 17 3 3 0739
160.07 144.30 130.20 114.24 17 3 3 0740
144.30 130.20 114.24 100.98 17 3 3 0741
130.20 114.24 100.98 087.62 17 3 3 0742
114.24 100.98 087.62 078.00 17 3 3 0743
100.98 087.62 078.00 068.20 17 3 3 0744
087.62 078.00 068.20 061.66 17 3 3 0745
078.00 068.20 061.66 054.12 17 3 3 0746
068.20 061.66 054.12 047.93 17 3 3 0747
061.66 054.12 047.93 041.77 17 3 3 0748
054.12 047.93 041.77 036.81 17 3 3 0749
047.93 041.77 036.81 030.48 18 1 3 0750
041.77 036.81 030.48 024.72 18 1 1 0751
036.81 030.48 024.72 020.19 18 1 1 0752
030.48 024.72 020.19 017.36 18 1 1 0753
024.72 020.19 017.36 015.19 18 1 1 0754
020.19 017.36 015.19 013.33 18 1 1 0755
017.36 015.19 013.33 009.09 19 0 0 0756
015.19 013.33 009.09 003.76 19 0 0 0757
013.33 009.09 003.76 -00.23 19 0 0 0758
009.09 003.76 -00.23 001.48 19 0 0 0759
003.76 -00.23 001.48 001.82 19 0 0 0760
-00.23 001.48 001.82 002.34 19 0 0 0761
001.48 001.82 002.34 002.97 19 0 0 0762
001.82 002.34 002.97 002.69 19 0 0 0763
002.34 002.97 002.69 003.10 19 0 0 0764
002.97 002.69 003.10 002.87 19 0 0 0765
002.69 003.10 002.87 003.13 19 0 0 0766
003.10 002.87 003.13 002.63 19 0 0 0767
002.87 003.13 002.63 002.64 19 0 0 0768
003.13 002.63 002.64 002.44 19 0 0 0769
002.63 002.64 002.44 003.06 19 0 0 0770
002.64 002.44 003.06 002.45 19 0 0 0771
002.44 003.06 002.45 002.96 19 0 0 0772
003.06 002.45 002.96 001.75 19 0 0 0773
002.45 002.96 001.75 002.94 19 0 0 0774
002.96 001.75 002.94 002.21 19 0 0 0775
001.75 002.94 002.21 002.94 19 0 0 0776
002.94 002.21 002.94 002.42 19 0 0 0777
002.21 002.94 002.42 002.86 19 0 0 0778
002.94 002.42 002.86 002.30 19 0 0 0779
002.42 002.86 002.30 002.95 19 0 0 0780
002.86 002.30 002.95 002.38 19 0 0 0781
002.30 002.95 002.38 002.89 19 0 0 0782
002.95 002.38 002.89 001.96 19 0 0 0783
002.38 002.89 001.96 003.04 19 0 0 0784
002.89 001.96 003.04 002.31 19 0 0 0785
001.96 003.04 002.31 003.39 19 0 0 0786
003.04 002.31 003.39 002.36 19 0 0 0787
002.31 003.39 002.36 003.51 19 0 0 0788
003.39 002.36 003.51 002.15 19 0 0 0789
002.36 003.51 002.15 003.74 19 0 0 0790
003.51 002.15 003.74 002.34 19 0 0 0791
002.15 003.74 002.34 003.64 19 0 0 0792
003.74 002.34 003.64 002.14 19 0 0 0793
002.34 003.64 002.14 004.06 19 0 0 0794
003.64 002.14 004.06 002.17 19 0 0 0795
002.14 004.06 002.17 003.85 19 0 0 0796
004.06 002.17 003.85 002.08 19 0 0 0797
002.17 003.85 002.08 003.90 19 0 0 0798
003.85 002.08 003.90 002.01 19 0 0 0799
002.08 003.90 002.01 004.16 19 0 0 0800
003.90 002.01 004.16 002.66 19 0 0 0801
002.01 004.16 002.66 004.45 19 0 0 0802
004.16 002.66 004.45 002.56 19 0 0 0803
002.66 004.45 002.56 004.18 19 0 0 0804
004.45 002.56 004.18 002.25 19 0 0 0805
002.56 004.18 002.25 004.84 19 0 0 0806
004.18 002.25 004.84 002.44 19 0 0 0807
002.25 004.84 002.44 004.38 19 0 0 0808
004.84 002.44 004.38 001.71 19 0 0 0809
002.44 004.38 001.71 004.08 19 0 0 0810
004.38 001.71 004.08 000.88 19 0 0 0811
001.71 004.08 000.88 003.22 19 0 0 0812
004.08 000.88 003.22 000.61 19 0 0 0813
000.88 003.22 000.61 003.90 19 0 0 0814
003.22 000.61 003.90 001.26 19 0 0 0815
000.61 003.90 001.26 006.01 19 0 0 0816
003.90 001.26 006.01 004.07 19 0 0 0817
001.26 006.01 004.07 007.69 19 0 0 0818
006.01 004.07 007.69 005.84 20 2 0 0819
004.07 007.69 005.84 009.15 20 2 0 0820
007.69 005.84 009.15 007.36 20 2 2 0821
005.84 009.15 007.36 014.29 20 2 2 0822
009.15 007.36 014.29 023.72 20 2 2 0823
007.36 014.29 023.72 036.73 20 2 2 0824
014.29 023.72 036.73 035.43 21 3 2 0825
023.72 036.73 035.43 039.68 21 3 2 0826
036.73 035.43 039.68 038.71 21 3 3 0827
035.43 039.68 038.71 046.39 21 3 3 0828
039.68 038.71 046.39 046.27 21 3 3 0829
038.71 046.39 046.27 054.62 21 3 3 0830
046.39 046.27 054.62 058.47 21 3 3 0831
046.27 054.62 058.47 072.48 21 3 3 0832
054.62 058.47 072.48 081.56 21 3 3 0833
058.47 072.48 081.56 104.48 21 3 3 0834
072.48 081.56 104.48 120.97 21 3 3 0835
081.56 104.48 120.97 141.30 21 3 3 0836
104.48 120.97 141.30 154.30 21 3 3 0837
120.97 141.30 154.30 173.40 21 3 3 0838
141.30 154.30 173.40 177.96 21 3 3 0839
154.30 173.40 177.96 191.98 21 3 3 0840
173.40 177.96 191.98 195.38 21 3 3 0841
177.96 191.98 195.38 206.06 21 3 3 0842
191.98 195.38 206.06 205.89 21 3 3 0843
195.38 206.06 205.89 213.36 21 3 3 0844
206.06 205.89 213.36 212.02 21 3 3 0845
205.89 213.36 212.02 218.78 21 3 3 0846
213.36 212.02 218.78 217.86 21 3 3 0847
212.02 218.78 217.86 226.46 21 3 3 0848
218.78 217.86 226.46 227.77 21 3 3 0849
217.86 226.46 227.77 235.70 21 3 3 0850
226.46 227.77 235.70 234.72 21 3 3 0851
227.77 235.70 234.72 240.49 21 3 3 0852
235.70 234.72 240.49 236.49 21 3 3 0853
234.72 240.49 236.49 238.03 21 3 3 0854
240.49 236.49 238.03 230.21 21 3 3 0855
236.49 238.03 230.21 230.89 21 3 3 0856
238.03 230.21 230.89 223.52 21 3 3 0857
230.21 230.89 223.52 224.09 21 3 3 0858
230.89 223.52 224.09 216.89 21 3 3 0859
223.52 224.09 216.89 219.04 21 3 3 0860
224.09 216.89 219.04 212.31 21 3 3 0861
216.89 219.04 212.31 214.24 21 3 3 0862
219.04 212.31 214.24 208.58 21 3 3 0863
212.31 214.24 208.58 210.84 21 3 3 0864
214.24 208.58 210.84 205.09 21 3 3 0865
208.58 210.84 205.09 208.20 21 3 3 0866
210.84 205.09 208.20 202.22 21 3 3 0867
205.09 208.20 202.22 205.32 21 3 3 0868
208.20 202.22 205.32 199.13 21 3 3 0869
202.22 205.32 199.13 202.65 21 3 3 0870
205.32 199.13 202.65 196.04 21 3 3 0871
199.13 202.65 196.04 200.01 21 3 3 0872
202.65 196.04 200.01 193.87 21 3 3 0873
196.04 200.01 193.87 196.86 21 3 3 0874
200.01 193.87 196.86 190.43 21 3 3 0875
193.87 196.86 190.43 193.04 21 3 3 0876
196.86 190.43 193.04 185.96 21 3 3 0877
190.43 193.04 185.96 188.27 21 3 3 0878
193.04 185.96 188.27 181.48 21 3 3 0879
185.96 188.27 181.48 184.62 21 3 3 0880
188.27 181.48 184.62 178.48 21 3 3 0881
181.48 184.62 178.48 182.87 21 3 3 0882
184.62 178.48 182.87 177.37 21 3 3 0883
178.48 182.87 177.37 181.77 21 3 3 0884
182.87 177.37 181.77 176.22 21 3 3 0885
177.37 181.77 176.22 179.14 21 3 3 0886
181.77 176.22 179.14 173.60 21 3 3 0887
176.22 179.14 173.60 178.34 21 3 3 0888
179.14 173.60 178.34 174.02 21 3 3 0889
173.60 178.34 174.02 179.55 21 3 3 0890
178.34 174.02 179.55 176.30 21 3 3 0891
174.02 179.55 176.30 183.01 21 3 3 0892
179.55 176.30 183.01 183.40 21 3 3 0893
176.30 183.01 183.40 193.55 21 3 3 0894
183.01 183.40 193.55 195.03 21 3 3 0895
183.40 193.55 195.03 207.60 21 3 3 0896
193.55 195.03 207.60 210.02 21 3 3 0897
195.03 207.60 210.02 222.87 21 3 3 0898
207.60 210.02 222.87 225.59 21 3 3 0899
210.02 222.87 225.59 238.12 21 3 3 0900
222.87 225.59 238.12 241.70 21 3 3 0901
225.59 238.12 241.70 255.62 21 3 3 0902
238.12 241.70 255.62 260.53 21 3 3 0903
241.70 255.62 260.53 276.01 21 3 3 0904
255.62 260.53 276.01 282.97 21 3 3 0905
260.53 276.01 282.97 300.73 21 3 3 0906
276.01 282.97 300.73 305.73 21 3 3 0907
282.97 300.73 305.73 319.18 21 3 3 0908
300.73 305.73 319.18 322.88 21 3 3 0909
305.73 319.18 322.88 336.09 21 3 3 0910
319.18 322.88 336.09 337.45 21 3 3 0911
322.88 336.09 337.45 349.51 21 3 3 0912
336.09 337.45 349.51 356.28 21 3 3 0913
337.45 349.51 356.28 367.81 21 3 3 0914
349.51 356.28 367.81 349.60 21 3 3 0915
356.28 367.81 349.60 330.80 21 3 3 0916
367.81 349.60 330.80 299.42 21 3 3 0917
349.60 330.80 299.42 288.96 21 3 3 0918
330.80 299.42 288.96 271.93 21 3 3 0919
299.42 288.96 271.93 257.75 21 3 3 0920
288.96 271.93 257.75 230.54 21 3 3 0921
271.93 257.75 230.54 215.14 21 3 3 0922
257.75 230.54 215.14 192.29 21 3 3 0923
230.54 215.14 192.29 177.98 21 3 3 0924
215.14 192.29 177.98 147.71 21 3 3 0925
192.29 177.98 147.71 124.86 21 3 3 0926
177.98 147.71 124.86 098.27 21 3 3 0927
147.71 124.86 098.27 084.77 21 3 3 0928
124.86 098.27 084.77 065.21 21 3 3 0929
098.27 084.77 065.21 055.48 21 3 3 0930
084.77 065.21 055.48 042.43 21 3 3 0931
065.21 055.48 042.43 038.50 21 3 3 0932
055.48 042.43 038.50 025.23 22 1 3 0933
042.43 038.50 025.23 022.86 22 1 1 0934
038.50 025.23 022.86 015.87 22 1 1 0935
025.23 022.86 015.87 017.08 22 1 1 0936
022.86 015.87 017.08 007.42 22 1 1 0937
015.87 017.08 007.42 004.75 22 1 1 0938
017.08 007.42 004.75 001.26 23 0 0 0939
007.42 004.75 001.26 005.31 23 0 0 0940
004.75 001.26 005.31 002.12 23 0 0 0941
001.26 005.31 002.12 007.20 23 0 0 0942
005.31 002.12 007.20 002.97 23 0 0 0943
002.12 007.20 002.97 007.26 23 0 0 0944
007.20 002.97 007.26 003.10 23 0 0 0945
002.97 007.26 003.10 007.53 23 0 0 0946
007.26 003.10 007.53 003.04 23 0 0 0947
003.10 007.53 003.04 007.23 23 0 0 0948
007.53 003.04 007.23 002.73 23 0 0 0949
003.04 007.23 002.73 007.05 23 0 0 0950
007.23 002.73 007.05 003.19 23 0 0 0951
002.73 007.05 003.19 007.36 23 0 0 0952
007.05 003.19 007.36 003.11 23 0 0 0953
003.19 007.36 003.11 007.58 23 0 0 0954
007.36 003.11 007.58 003.48 23 0 0 0955
003.11 007.58 003.48 007.36 23 0 0 0956
007.58 003.48 007.36 003.41 23 0 0 0957
003.48 007.36 003.41 007.58 23 0 0 0958
007.36 003.41 007.58 003.50 23 0 0 0959
003.41 007.58 003.50 007.68 23 0 0 0960
007.58 003.50 007.68 003.62 23 0 0 0961
003.50 007.68 003.62 007.50 23 0 0 0962
007.68 003.62 007.50 003.24 23 0 0 0963
003.62 007.50 003.24 007.02 23 0 0 0964
007.50 003.24 007.02 002.86 23 0 0 0965
003.24 007.02 002.86 007.04 23 0 0 0966
007.02 002.86 007.04 002.99 23 0 0 0967
002.86 007.04 002.99 007.11 23 0 0 0968
007.04 002.99 007.11 003.24 23 0 0 0969
002.99 007.11 003.24 007.63 23 0 0 0970
007.11 003.24 007.63 004.03 23 0 0 0971
003.24 007.63 004.03 007.52 23 0 0 0972
007.63 004.03 007.52 004.06 23 0 0 0973
004.03 007.52 004.06 007.70 23 0 0 0974
007.52 004.06 007.70 004.24 23 0 0 0975
004.06 007.70 004.24 007.84 23 0 0 0976
007.70 004.24 007.84 003.55 23 0 0 0977
004.24 007.84 003.55 007.26 23 0 0 0978
007.84 003.55 007.26 003.61 23 0 0 0979
003.55 007.26 003.61 007.02 23 0 0 0980
007.26 003.61 007.02 003.32 23 0 0 0981
003.61 007.02 003.32 006.53 23 0 0 0982
007.02 003.32 006.53 003.37 23 0 0 0983
003.32 006.53 003.37 007.04 23 0 0 0984
006.53 003.37 007.04 003.38 23 0 0 0985
003.37 007.04 003.38 007.31 23 0 0 0986
007.04 003.38 007.31 004.50 23 0 0 0987
003.38 007.31 004.50 007.95 23 0 0 0988
007.31 004.50 007.95 006.28 23 0 0 0989
004.50 007.95 006.28 009.55 23 0 0 0990
007.95 006.28 009.55 007.18 24 2 0 0991
006.28 009.55 007.18 012.60 24 2 0 0992
009.55 007.18 012.60 012.03 24 2 2 0993
007.18 012.60 012.03 025.78 24 2 2 0994
012.60 012.03 025.78 033.00 24 2 2 0995
012.03 025.78 033.00 043.73 24 2 2 0996
025.78 033.00 043.73 048.97 25 3 2 0997
033.00 043.73 048.97 053.89 25 3 2 0998
043.73 048.97 053.89 051.01 25 3 3 0999
048.97 053.89 051.01 057.45 25 3 3 1000
053.89 051.01 057.45 064.40 25 3 3 1001
051.01 057.45 064.40 078.16 25 3 3 1002
057.45 064.40 078.16 085.80 25 3 3 1003
064.40 078.16 085.80 097.64 25 3 3 1004
078.16 085.80 097.64 103.17 25 3 3 1005
085.80 097.64 103.17 113.05 25 3 3 1006
097.64 103.17 113.05 118.17 25 3 3 1007
103.17 113.05 118.17 126.46 25 3 3 1008
113.05 118.17 126.46 130.06 25 3 3 1009
118.17 126.46 130.06 138.32 25 3 3 1010
126.46 130.06 138.32 141.98 25 3 3 1011
130.06 138.32 141.98 150.23 25 3 3 1012
138.32 141.98 150.23 153.47 25 3 3 1013
141.98 150.23 153.47 161.88 25 3 3 1014
150.23 153.47 161.88 167.40 25 3 3 1015
153.47 161.88 167.40 178.61 25 3 3 1016
161.88 167.40 178.61 185.31 25 3 3 1017
167.40 178.61 185.31 194.95 25 3 3 1018
178.61 185.31 194.95 199.14 25 3 3 1019
185.31 194.95 199.14 205.86 25 3 3 1020
194.95 199.14 205.86 207.48 25 3 3 1021
199.14 205.86 207.48 211.56 25 3 3 1022
205.86 207.48 211.56 211.50 25 3 3 1023
207.48 211.56 211.50 215.11 25 3 3 1024
211.56 211.50 215.11 214.56 25 3 3 1025
211.50 215.11 214.56 218.51 25 3 3 1026
215.11 214.56 218.51 217.81 25 3 3 1027
214.56 218.51 217.81 218.10 25 3 3 1028
218.51 217.81 218.10 214.40 25 3 3 1029
217.81 218.10 214.40 213.36 25 3 3 1030
218.10 214.40 213.36 209.24 25 3 3 1031
214.40 213.36 209.24 207.77 25 3 3 1032
213.36 209.24 207.77 204.05 25 3 3 1033
209.24 207.77 204.05 202.66 25 3 3 1034
207.77 204.05 202.66 199.00 25 3 3 1035
204.05 202.66 199.00 197.79 25 3 3 1036
202.66 199.00 197.79 195.01 25 3 3 1037
199.00 197.79 195.01 193.38 25 3 3 1038
197.79 195.01 193.38 190.78 25 3 3 1039
195.01 193.38 190.78 188.89 25 3 3 1040
193.38 190.78 188.89 184.61 25 3 3 1041
190.78 188.89 184.61 181.27 25 3 3 1042
188.89 184.61 181.27 177.36 25 3 3 1043
184.61 181.27 177.36 174.78 25 3 3 1044
181.27 177.36 174.78 173.49 25 3 3 1045
177.36 174.78 173.49 173.75 25 3 3 1046
174.78 173.49 173.75 174.10 25 3 3 1047
173.49 173.75 174.10 174.61 25 3 3 1048
173.75 174.10 174.61 175.20 25 3 3 1049
174.10 174.61 175.20 175.48 25 3 3 1050
174.61 175.20 175.48 176.06 25 3 3 1051
175.20 175.48 176.06 176.76 25 3 3 1052
175.48 176.06 176.76 177.29 25 3 3 1053
176.06 176.76 177.29 177.10 25 3 3 1054
176.76 177.29 177.10 177.00 25 3 3 1055
177.29 177.10 177.00 176.00 25 3 3 1056
177.10 177.00 176.00 175.82 25 3 3 1057
177.00 176.00 175.82 173.82 25 3 3 1058
176.00 175.82 173.82 173.85 25 3 3 1059
175.82 173.82 173.85 173.15 25 3 3 1060
173.82 173.85 173.15 172.89 25 3 3 1061
173.85 173.15 172.89 172.14 25 3 3 1062
173.15 172.89 172.14 171.53 25 3 3 1063
172.89 172.14 171.53 169.79 25 3 3 1064
172.14 171.53 169.79 170.33 25 3 3 1065
171.53 169.79 170.33 170.97 25 3 3 1066
169.79 170.33 170.97 174.96 25 3 3 1067
170.33 170.97 174.96 178.11 25 3 3 1068
170.97 174.96 178.11 181.76 25 3 3 1069
174.96 178.11 181.76 184.33 25 3 3 1070
178.11 181.76 184.33 188.36 25 3 3 1071
181.76 184.33 188.36 190.46 25 3 3 1072
184.33 188.36 190.46 194.49 25 3 3 1073
188.36 190.46 194.49 197.65 25 3 3 1074
190.46 194.49 197.65 204.35 25 3 3 1075
194.49 197.65 204.35 208.52 25 3 3 1076
197.65 204.35 208.52 215.61 25 3 3 1077
204.35 208.52 215.61 220.30 25 3 3 1078
208.52 215.61 220.30 226.51 25 3 3 1079
215.61 220.30 226.51 229.87 25 3 3 1080
220.30 226.51 229.87 235.82 25 3 3 1081
226.51 229.87 235.82 240.57 25 3 3 1082
229.87 235.82 240.57 248.70 25 3 3 1083
235.82 240.57 248.70 257.42 25 3 3 1084
240.57 248.70 257.42 271.41 25 3 3 1085
248.70 257.42 271.41 280.58 25 3 3 1086
257.42 271.41 280.58 288.95 25 3 3 1087
271.41 280.58 288.95 292.10 25 3 3 1088
280.58 288.95 292.10 297.74 25 3 3 1089
288.95 292.10 297.74 299.03 25 3 3 1090
292.10 297.74 299.03 305.90 25 3 3 1091
297.74 299.03 305.90 308.89 25 3 3 1092
299.03 305.90 308.89 294.83 25 3 3 1093
305.90 308.89 294.83 269.93 25 3 3 1094
308.89 294.83 269.93 255.52 25 3 3 1095
294.83 269.93 255.52 246.86 25 3 3 1096
269.93 255.52 246.86 235.51 25 3 3 1097
255.52 246.86 235.51 215.33 25 3 3 1098
246.86 235.51 215.33 200.41 25 3 3 1099
235.51 215.33 200.41 189.76 25 3 3 1100
215.33 200.41 189.76 178.85 25 3 3 1101
200.41 189.76 178.85 158.57 25 3 3 1102
189.76 178.85 158.57 138.63 25 3 3 1103
178.85 158.57 138.63 115.22 25 3 3 1104
158.57 138.63 115.22 100.93 25 3 3 1105
138.63 115.22 100.93 084.11 25 3 3 1106
115.22 100.93 084.11 072.47 25 3 3 1107
100.93 084.11 072.47 059.40 25 3 3 1108
084.11 072.47 059.40 049.60 25 3 3 1109
072.47 059.40 049.60 037.98 25 3 3 1110
059.40 049.60 037.98 031.84 26 1 3 1111
049.60 037.98 031.84 021.56 26 1 1 1112
037.98 031.84 021.56 018.33 26 1 1 1113
031.84 021.56 018.33 011.35 26 1 1 1114
021.56 018.33 011.35 008.73 26 1 1 1115
018.33 011.35 008.73 001.46 26 1 1 1116
011.35 008.73 001.46 004.88 27 0 0 1117
008.73 001.46 004.88 002.64 27 0 0 1118
001.46 004.88 002.64 006.36 27 0 0 1119
004.88 002.64 006.36 003.58 27 0 0 1120
002.64 006.36 003.58 006.77 27 0 0 1121
006.36 003.58 006.77 003.63 27 0 0 1122
003.58 006.77 003.63 007.01 27 0 0 1123
006.77 003.63 007.01 004.13 27 0 0 1124
003.63 007.01 004.13 007.07 27 0 0 1125
007.01 004.13 007.07 003.98 27 0 0 1126
004.13 007.07 003.98 007.03 27 0 0 1127
007.07 003.98 007.03 003.67 27 0 0 1128
003.98 007.03 003.67 007.12 27 0 0 1129
007.03 003.67 007.12 003.49 27 0 0 1130
003.67 007.12 003.49 007.31 27 0 0 1131
007.12 003.49 007.31 003.62 27 0 0 1132
003.49 007.31 003.62 007.70 27 0 0 1133
007.31 003.62 007.70 004.53 27 0 0 1134
003.62 007.70 004.53 007.87 27 0 0 1135
007.70 004.53 007.87 004.60 27 0 0 1136
004.53 007.87 004.60 007.74 27 0 0 1137
007.87 004.60 007.74 003.77 27 0 0 1138
004.60 007.74 003.77 007.93 27 0 0 1139
007.74 003.77 007.93 004.32 27 0 0 1140
003.77 007.93 004.32 008.12 27 0 0 1141
007.93 004.32 008.12 003.99 27 0 0 1142
004.32 008.12 003.99 008.66 27 0 0 1143
008.12 003.99 008.66 004.07 27 0 0 1144
003.99 008.66 004.07 008.56 27 0 0 1145
008.66 004.07 008.56 004.55 27 0 0 1146
004.07 008.56 004.55 008.63 27 0 0 1147
008.56 004.55 008.63 004.11 27 0 0 1148
004.55 008.63 004.11 008.27 27 0 0 1149
008.63 004.11 008.27 004.13 27 0 0 1150
004.11 008.27 004.13 008.21 27 0 0 1151
008.27 004.13 008.21 004.12 27 0 0 1152
004.13 008.21 004.12 008.77 27 0 0 1153
008.21 004.12 008.77 004.05 27 0 0 1154
004.12 008.77 004.05 008.64 27 0 0 1155
008.77 004.05 008.64 003.94 27 0 0 1156
004.05 008.64 003.94 008.88 27 0 0 1157
008.64 003.94 008.88 004.18 27 0 0 1158
003.94 008.88 004.18 008.71 27 0 0 1159
008.88 004.18 008.71 004.07 27 0 0 1160
004.18 008.71 004.07 009.82 27 0 0 1161
008.71 004.07 009.82 004.87 27 0 0 1162
004.07 009.82 004.87 010.16 27 0 0 1163
009.82 004.87 010.16 005.28 27 0 0 1164
004.87 010.16 005.28 010.31 28 2 0 1165
010.16 005.28 010.31 005.40 28 2 0 1166
005.28 010.31 005.40 012.90 28 2 2 1167
010.31 005.40 012.90 005.53 28 2 2 1168
005.40 012.90 005.53 026.89 28 2 2 1169
012.90 005.53 026.89 041.11 28 2 2 1170
005.53 026.89 041.11 060.68 29 3 2 1171
026.89 041.11 060.68 063.43 29 3 2 1172
041.11 060.68 063.43 070.88 29 3 3 1173
060.68 063.43 070.88 071.11 29 3 3 1174
063.43 070.88 071.11 081.02 29 3 3 1175
070.88 071.11 081.02 078.07 29 3 3 1176
071.11 081.02 078.07 089.02 29 3 3 1177
081.02 078.07 089.02 092.37 29 3 3 1178
078.07 089.02 092.37 107.53 29 3 3 1179
089.02 092.37 107.53 110.00 29 3 3 1180
092.37 107.53 110.00 123.25 29 3 3 1181
107.53 110.00 123.25 127.38 29 3 3 1182
110.00 123.25 127.38 140.08 29 3 3 1183
123.25 127.38 140.08 140.63 29 3 3 1184
127.38 140.08 140.63 150.33 29 3 3 1185
140.08 140.63 150.33 149.08 29 3 3 1186
140.63 150.33 149.08 159.57 29 3 3 1187
150.33 149.08 159.57 159.77 29 3 3 1188
149.08 159.57 159.77 172.44 29 3 3 1189
159.57 159.77 172.44 174.90 29 3 3 1190
159.77 172.44 174.90 188.51 29 3 3 1191
172.44 174.90 188.51 192.73 29 3 3 1192
174.90 188.51 192.73 205.78 29 3 3 1193
188.51 192.73 205.78 207.41 29 3 3 1194
192.73 205.78 207.41 217.41 29 3 3 1195
205.78 207.41 217.41 215.40 29 3 3 1196
207.41 217.41 215.40 221.53 29 3 3 1197
217.41 215.40 221.53 216.89 29 3 3 1198
215.40 221.53 216.89 221.90 29 3 3 1199
221.53 216.89 221.90 217.46 29 3 3 1200
216.89 221.90 217.46 222.99 29 3 3 1201
221.90 217.46 222.99 220.16 29 3 3 1202
217.46 222.99 220.16 228.23 29 3 3 1203
222.99 220.16 228.23 226.88 29 3 3 1204
220.16 228.23 226.88 232.98 29 3 3 1205
228.23 226.88 232.98 227.65 29 3 3 1206
226.88 232.98 227.65 231.12 29 3 3 1207
232.98 227.65 231.12 223.68 29 3 3 1208
227.65 231.12 223.68 226.53 29 3 3 1209
231.12 223.68 226.53 218.87 29 3 3 1210
223.68 226.53 218.87 221.62 29 3 3 1211
226.53 218.87 221.62 215.21 29 3 3 1212
218.87 221.62 215.21 218.61 29 3 3 1213
221.62 215.21 218.61 212.16 29 3 3 1214
215.21 218.61 212.16 215.54 29 3 3 1215
218.61 212.16 215.54 209.00 29 3 3 1216
212.16 215.54 209.00 212.20 29 3 3 1217
215.54 209.00 212.20 205.71 29 3 3 1218
209.00 212.20 205.71 208.88 29 3 3 1219
212.20 205.71 208.88 202.37 29 3 3 1220
205.71 208.88 202.37 205.88 29 3 3 1221
208.88 202.37 205.88 199.87 29 3 3 1222
202.37 205.88 199.87 204.94 29 3 3 1223
205.88 199.87 204.94 199.68 29 3 3 1224
199.87 204.94 199.68 204.34 29 3 3 1225
204.94 199.68 204.34 200.12 29 3 3 1226
199.68 204.34 200.12 205.01 29 3 3 1227
204.34 200.12 205.01 201.52 29 3 3 1228
200.12 205.01 201.52 205.96 29 3 3 1229
205.01 201.52 205.96 200.74 29 3 3 1230
201.52 205.96 200.74 204.41 29 3 3 1231
205.96 200.74 204.41 198.25 29 3 3 1232
200.74 204.41 198.25 201.47 29 3 3 1233
204.41 198.25 201.47 195.45 29 3 3 1234
198.25 201.47 195.45 198.82 29 3 3 1235
201.47 195.45 198.82 194.07 29 3 3 1236
195.45 198.82 194.07 198.54 29 3 3 1237
198.82 194.07 198.54 193.59 29 3 3 1238
194.07 198.54 193.59 196.40 29 3 3 1239
198.54 193.59 196.40 190.91 29 3 3 1240
193.59 196.40 190.91 194.12 29 3 3 1241
196.40 190.91 194.12 188.32 29 3 3 1242
190.91 194.12 188.32 193.50 29 3 3 1243
194.12 188.32 193.50 191.62 29 3 3 1244
188.32 193.50 191.62 198.66 29 3 3 1245
193.50 191.62 198.66 198.05 29 3 3 1246
191.62 198.66 198.05 207.69 29 3 3 1247
198.66 198.05 207.69 209.25 29 3 3 1248
198.05 207.69 209.25 218.09 29 3 3 1249
207.69 209.25 218.09 218.84 29 3 3 1250
209.25 218.09 218.84 227.44 29 3 3 1251
218.09 218.84 227.44 229.05 29 3 3 1252
218.84 227.44 229.05 239.74 29 3 3 1253
227.44 229.05 239.74 243.95 29 3 3 1254
229.05 239.74 243.95 257.30 29 3 3 1255
239.74 243.95 257.30 264.05 29 3 3 1256
243.95 257.30 264.05 277.45 29 3 3 1257
257.30 264.05 277.45 283.32 29 3 3 1258
264.05 277.45 283.32 297.16 29 3 3 1259
277.45 283.32 297.16 300.79 29 3 3 1260
283.32 297.16 300.79 306.24 29 3 3 1261
297.16 300.79 306.24 306.99 29 3 3 1262
300.79 306.24 306.99 316.40 29 3 3 1263
306.24 306.99 316.40 315.82 29 3 3 1264
306.99 316.40 315.82 316.82 29 3 3 1265
316.40 315.82 316.82 292.22 29 3 3 1266
315.82 316.82 292.22 271.31 29 3 3 1267
316.82 292.22 271.31 242.56 29 3 3 1268
292.22 271.31 242.56 227.91 29 3 3 1269
271.31 242.56 227.91 214.24 29 3 3 1270
242.56 227.91 214.24 206.21 29 3 3 1271
227.91 214.24 206.21 183.83 29 3 3 1272
214.24 206.21 183.83 170.95 29 3 3 1273
206.21 183.83 170.95 157.41 29 3 3 1274
183.83 170.95 157.41 150.59 29 3 3 1275
170.95 157.41 150.59 134.90 29 3 3 1276
157.41 150.59 134.90 121.36 29 3 3 1277
150.59 134.90 121.36 100.81 29 3 3 1278
134.90 121.36 100.81 087.88 29 3 3 1279
121.36 100.81 087.88 070.95 29 3 3 1280
100.81 087.88 070.95 062.30 29 3 3 1281
087.88 070.95 062.30 051.50 29 3 3 1282
070.95 062.30 051.50 046.19 29 3 3 1283
062.30 051.50 046.19 037.08 29 3 3 1284
051.50 046.19 037.08 033.21 30 1 3 1285
046.19 037.08 033.21 024.40 30 1 1 1286
037.08 033.21 024.40 023.12 30 1 1 1287
033.21 024.40 023.12 017.06 30 1 1 1288
024.40 023.12 017.06 016.42 30 1 1 1289
023.12 017.06 016.42 011.33 30 1 1 1290
017.06 016.42 011.33 009.05 31 0 0 1291
016.42 011.33 009.05 001.08 31 0 0 1292
011.33 009.05 001.08 001.81 31 0 0 1293
009.05 001.08 001.81 000.66 31 0 0 1294
001.08 001.81 000.66 002.90 31 0 0 1295
001.81 000.66 002.90 001.47 31 0 0 1296
000.66 002.90 001.47 003.68 31 0 0 1297
002.90 001.47 003.68 001.93 31 0 0 1298
001.47 003.68 001.93 003.73 31 0 0 1299
003.68 001.93 003.73 002.06 31 0 0 1300
001.93 003.73 002.06 003.81 31 0 0 1301
003.73 002.06 003.81 002.31 31 0 0 1302
002.06 003.81 002.31 003.54 31 0 0 1303
003.81 002.31 003.54 002.13 31 0 0 1304
002.31 003.54 002.13 003.69 31 0 0 1305
003.54 002.13 003.69 001.92 31 0 0 1306
002.13 003.69 001.92 003.85 31 0 0 1307
003.69 001.92 003.85 002.52 31 0 0 1308
001.92 003.85 002.52 003.71 31 0 0 1309
003.85 002.52 003.71 002.27 31 0 0 1310
002.52 003.71 002.27 003.95 31 0 0 1311
003.71 002.27 003.95 002.74 31 0 0 1312
002.27 003.95 002.74 003.82 31 0 0 1313
003.95 002.74 003.82 001.97 31 0 0 1314
002.74 003.82 001.97 003.56 31 0 0 1315
003.82 001.97 003.56 002.10 31 0 0 1316
001.97 003.56 002.10 003.40 31 0 0 1317
003.56 002.10 003.40 002.51 31 0 0 1318
002.10 003.40 002.51 003.34 31 0 0 1319
003.40 002.51 003.34 003.25 31 0 0 1320
002.51 003.34 003.25 003.96 31 0 0 1321
003.34 003.25 003.96 002.84 31 0 0 1322
003.25 003.96 002.84 003.93 31 0 0 1323
003.96 002.84 003.93 002.64 31 0 0 1324
002.84 003.93 002.64 003.76 31 0 0 1325
003.93 002.64 003.76 002.74 31 0 0 1326
002.64 003.76 002.74 003.97 31 0 0 1327
003.76 002.74 003.97 003.11 31 0 0 1328
002.74 003.97 003.11 003.52 31 0 0 1329
003.97 003.11 003.52 002.84 31 0 0 1330
003.11 003.52 002.84 003.27 31 0 0 1331
003.52 002.84 003.27 003.22 31 0 0 1332
002.84 003.27 003.22 003.51 31 0 0 1333
003.27 003.22 003.51 002.56 31 0 0 1334
003.22 003.51 002.56 003.03 31 0 0 1335
003.51 002.56 003.03 002.98 31 0 0 1336
002.56 003.03 002.98 003.45 31 0 0 1337
003.03 002.98 003.45 003.36 31 0 0 1338
002.98 003.45 003.36 003.49 31 0 0 1339
003.45 003.36 003.49 003.31 31 0 0 1340
003.36 003.49 003.31 003.49 31 0 0 1341
003.49 003.31 003.49 003.52 31 0 0 1342
003.31 003.49 003.52 003.66 31 0 0 1343
003.49 003.52 003.66 004.14 31 0 0 1344
003.52 003.66 004.14 004.24 31 0 0 1345
003.66 004.14 004.24 005.36 31 0 0 1346
004.14 004.24 005.36 004.78 32 2 0 1347
004.24 005.36 004.78 006.45 32 2 0 1348
005.36 004.78 006.45 006.03 32 2 2 1349
004.78 006.45 006.03 008.94 32 2 2 1350
006.45 006.03 008.94 016.83 32 2 2 1351
006.03 008.94 016.83 039.16 32 2 2 1352
008.94 016.83 039.16 066.77 33 3 2 1353
016.83 039.16 066.77 081.71 33 3 2 1354
039.16 066.77 081.71 082.26 33 3 3 1355
066.77 081.71 082.26 084.64 33 3 3 1356
081.71 082.26 084.64 090.84 33 3 3 1357
082.26 084.64 090.84 101.89 33 3 3 1358
084.64 090.84 101.89 109.95 33 3 3 1359
090.84 101.89 109.95 122.17 33 3 3 1360
101.89 109.95 122.17 132.40 33 3 3 1361
109.95 122.17 132.40 144.17 33 3 3 1362
122.17 132.40 144.17 149.33 33 3 3 1363
132.40 144.17 149.33 155.27 33 3 3 1364
144.17 149.33 155.27 163.91 33 3 3 1365
149.33 155.27 163.91 183.81 33 3 3 1366
155.27 163.91 183.81 200.18 33 3 3 1367
163.91 183.81 200.18 211.83 33 3 3 1368
183.81 200.18 211.83 218.96 33 3 3 1369
200.18 211.83 218.96 233.09 33 3 3 1370
211.83 218.96 233.09 236.97 33 3 3 1371
218.96 233.09 236.97 240.07 33 3 3 1372
233.09 236.97 240.07 236.40 33 3 3 1373
236.97 240.07 236.40 235.73 33 3 3 1374
240.07 236.40 235.73 230.85 33 3 3 1375
236.40 235.73 230.85 230.70 33 3 3 1376
235.73 230.85 230.70 227.27 33 3 3 1377
230.85 230.70 227.27 229.73 33 3 3 1378
230.70 227.27 229.73 229.19 33 3 3 1379
227.27 229.73 229.19 233.84 33 3 3 1380
229.73 229.19 233.84 234.63 33 3 3 1381
229.19 233.84 234.63 239.10 33 3 3 1382
233.84 234.63 239.10 239.35 33 3 3 1383
234.63 239.10 239.35 244.09 33 3 3 1384
239.10 239.35 244.09 242.19 33 3 3 1385
239.35 244.09 242.19 242.84 33 3 3 1386
244.09 242.19 242.84 238.32 33 3 3 1387
242.19 242.84 238.32 236.97 33 3 3 1388
242.84 238.32 236.97 231.58 33 3 3 1389
238.32 236.97 231.58 231.30 33 3 3 1390
236.97 231.58 231.30 226.43 33 3 3 1391
231.58 231.30 226.43 225.47 33 3 3 1392
231.30 226.43 225.47 219.52 33 3 3 1393
226.43 225.47 219.52 219.28 33 3 3 1394
225.47 219.52 219.28 213.95 33 3 3 1395
219.52 219.28 213.95 214.61 33 3 3 1396
219.28 213.95 214.61 210.58 33 3 3 1397
213.95 214.61 210.58 212.51 33 3 3 1398
214.61 210.58 212.51 209.87 33 3 3 1399
210.58 212.51 209.87 213.05 33 3 3 1400
212.51 209.87 213.05 211.42 33 3 3 1401
209.87 213.05 211.42 215.15 33 3 3 1402
213.05 211.42 215.15 213.40 33 3 3 1403
211.42 215.15 213.40 217.70 33 3 3 1404
215.15 213.40 217.70 216.59 33 3 3 1405
213.40 217.70 216.59 221.60 33 3 3 1406
217.70 216.59 221.60 220.69 33 3 3 1407
216.59 221.60 220.69 225.62 33 3 3 1408
221.60 220.69 225.62 224.33 33 3 3 1409
220.69 225.62 224.33 229.01 33 3 3 1410
225.62 224.33 229.01 227.50 33 3 3 1411
224.33 229.01 227.50 231.17 33 3 3 1412
229.01 227.50 231.17 228.24 33 3 3 1413
227.50 231.17 228.24 231.22 33 3 3 1414
231.17 228.24 231.22 227.18 33 3 3 1415
228.24 231.22 227.18 229.56 33 3 3 1416
231.22 227.18 229.56 223.74 33 3 3 1417
227.18 229.56 223.74 224.53 33 3 3 1418
229.56 223.74 224.53 217.68 33 3 3 1419
223.74 224.53 217.68 217.75 33 3 3 1420
224.53 217.68 217.75 210.97 33 3 3 1421
217.68 217.75 210.97 211.76 33 3 3 1422
217.75 210.97 211.76 207.07 33 3 3 1423
210.97 211.76 207.07 211.30 33 3 3 1424
211.76 207.07 211.30 208.95 33 3 3 1425
207.07 211.30 208.95 216.11 33 3 3 1426
211.30 208.95 216.11 215.91 33 3 3 1427
208.95 216.11 215.91 221.91 33 3 3 1428
216.11 215.91 221.91 222.38 33 3 3 1429
215.91 221.91 222.38 230.82 33 3 3 1430
221.91 222.38 230.82 229.22 33 3 3 1431
222.38 230.82 229.22 237.72 33 3 3 1432
230.82 229.22 237.72 241.11 33 3 3 1433
229.22 237.72 241.11 253.48 33 3 3 1434
237.72 241.11 253.48 257.72 33 3 3 1435
241.11 253.48 257.72 270.40 33 3 3 1436
253.48 257.72 270.40 275.68 33 3 3 1437
257.72 270.40 275.68 287.94 33 3 3 1438
270.40 275.68 287.94 291.40 33 3 3 1439
275.68 287.94 291.40 302.37 33 3 3 1440
287.94 291.40 302.37 304.45 33 3 3 1441
291.40 302.37 304.45 313.40 33 3 3 1442
302.37 304.45 313.40 315.27 33 3 3 1443
304.45 313.40 315.27 327.05 33 3 3 1444
313.40 315.27 327.05 331.79 33 3 3 1445
315.27 327.05 331.79 348.74 33 3 3 1446
327.05 331.79 348.74 363.74 33 3 3 1447
331.79 348.74 363.74 378.23 33 3 3 1448
348.74 363.74 378.23 366.01 33 3 3 1449
363.74 378.23 366.01 358.12 33 3 3 1450
378.23 366.01 358.12 328.17 33 3 3 1451
366.01 358.12 328.17 303.05 33 3 3 1452
358.12 328.17 303.05 273.30 33 3 3 1453
328.17 303.05 273.30 264.20 33 3 3 1454
303.05 273.30 264.20 246.41 33 3 3 1455
273.30 264.20 246.41 231.60 33 3 3 1456
264.20 246.41 231.60 210.70 33 3 3 1457
246.41 231.60 210.70 202.59 33 3 3 1458
231.60 210.70 202.59 182.51 33 3 3 1459
210.70 202.59 182.51 170.46 33 3 3 1460
202.59 182.51 170.46 153.39 33 3 3 1461
182.51 170.46 153.39 140.99 33 3 3 1462
170.46 153.39 140.99 116.93 33 3 3 1463
153.39 140.99 116.93 103.76 33 3 3 1464
140.99 116.93 103.76 083.78 33 3 3 1465
116.93 103.76 083.78 073.19 33 3 3 1466
103.76 083.78 073.19 057.45 33 3 3 1467
083.78 073.19 057.45 052.23 33 3 3 1468
073.19 057.45 052.23 038.69 33 3 3 1469
057.45 052.23 038.69 035.23 33 3 3 1470
052.23 038.69 035.23 023.02 34 1 3 1471
038.69 035.23 023.02 022.74 34 1 1 1472
035.23 023.02 022.74 014.97 34 1 1 1473
023.02 022.74 014.97 017.40 34 1 1 1474
022.74 014.97 017.40 008.66 34 1 1 1475
014.97 017.40 008.66 007.80 34 1 1 1476
017.40 008.66 007.80 -01.27 35 0 0 1477
008.66 007.80 -01.27 005.14 35 0 0 1478
007.80 -01.27 005.14 000.46 35 0 0 1479
-01.27 005.14 000.46 005.63 35 0 0 1480
005.14 000.46 005.63 001.23 35 0 0 1481
000.46 005.63 001.23 006.51 35 0 0 1482
005.63 001.23 006.51 001.96 35 0 0 1483
001.23 006.51 001.96 006.56 35 0 0 1484
006.51 001.96 006.56 002.23 35 0 0 1485
001.96 006.56 002.23 007.12 35 0 0 1486
006.56 002.23 007.12 001.85 35 0 0 1487
002.23 007.12 001.85 006.52 35 0 0 1488
007.12 001.85 006.52 001.86 35 0 0 1489
001.85 006.52 001.86 006.54 35 0 0 1490
006.52 001.86 006.54 001.63 35 0 0 1491
001.86 006.54 001.63 006.53 35 0 0 1492
006.54 001.63 006.53 002.18 35 0 0 1493
001.63 006.53 002.18 006.92 35 0 0 1494
006.53 002.18 006.92 002.37 35 0 0 1495
002.18 006.92 002.37 006.99 35 0 0 1496
006.92 002.37 006.99 002.19 35 0 0 1497
002.37 006.99 002.19 006.77 35 0 0 1498
006.99 002.19 006.77 002.06 35 0 0 1499
002.19 006.77 002.06 006.40 35 0 0 1500
006.77 002.06 006.40 001.96 35 0 0 1501
002.06 006.40 001.96 006.67 35 0 0 1502
006.40 001.96 006.67 001.72 35 0 0 1503
001.96 006.67 001.72 006.09 35 0 0 1504
006.67 001.72 006.09 001.83 35 0 0 1505
001.72 006.09 001.83 006.76 35 0 0 1506
006.09 001.83 006.76 001.84 35 0 0 1507
001.83 006.76 001.84 007.09 35 0 0 1508
006.76 001.84 007.09 002.39 35 0 0 1509
001.84 007.09 002.39 007.83 35 0 0 1510
007.09 002.39 007.83 002.50 35 0 0 1511
002.39 007.83 002.50 007.78 35 0 0 1512
007.83 002.50 007.78 002.68 35 0 0 1513
002.50 007.78 002.68 007.31 35 0 0 1514
007.78 002.68 007.31 001.94 35 0 0 1515
002.68 007.31 001.94 007.23 35 0 0 1516
007.31 001.94 007.23 001.85 35 0 0 1517
001.94 007.23 001.85 006.70 35 0 0 1518
007.23 001.85 006.70 001.68 35 0 0 1519
001.85 006.70 001.68 006.56 35 0 0 1520
006.70 001.68 006.56 001.24 35 0 0 1521
001.68 006.56 001.24 006.37 35 0 0 1522
006.56 001.24 006.37 001.36 35 0 0 1523
001.24 006.37 001.36 006.61 35 0 0 1524
006.37 001.36 006.61 001.49 35 0 0 1525
001.36 006.61 001.49 006.77 35 0 0 1526
006.61 001.49 006.77 002.52 35 0 0 1527
001.49 006.77 002.52 007.22 35 0 0 1528
006.77 002.52 007.22 002.91 36 2 0 1529
002.52 007.22 002.91 009.78 36 2 0 1530
007.22 002.91 009.78 005.90 36 2 2 1531
002.91 009.78 005.90 016.09 36 2 2 1532
009.78 005.90 016.09 021.08 36 2 2 1533
005.90 016.09 021.08 034.32 36 2 2 1534
016.09 021.08 034.32 046.39 37 3 2 1535
021.08 034.32 046.39 065.32 37 3 2 1536
034.32 046.39 065.32 063.10 37 3 3 1537
046.39 065.32 063.10 069.20 37 3 3 1538
065.32 063.10 069.20 069.14 37 3 3 1539
063.10 069.20 069.14 080.84 37 3 3 1540
069.20 069.14 080.84 081.57 37 3 3 1541
069.14 080.84 081.57 091.14 37 3 3 1542
080.84 081.57 091.14 094.01 37 3 3 1543
081.57 091.14 094.01 111.07 37 3 3 1544
091.14 094.01 111.07 123.47 37 3 3 1545
094.01 111.07 123.47 146.46 37 3 3 1546
111.07 123.47 146.46 159.07 37 3 3 1547
123.47 146.46 159.07 176.27 37 3 3 1548
146.46 159.07 176.27 185.19 37 3 3 1549
159.07 176.27 185.19 198.39 37 3 3 1550
176.27 185.19 198.39 200.74 37 3 3 1551
185.19 198.39 200.74 211.14 37 3 3 1552
198.39 200.74 211.14 212.06 37 3 3 1553
200.74 211.14 212.06 221.20 37 3 3 1554
211.14 212.06 221.20 220.82 37 3 3 1555
212.06 221.20 220.82 226.37 37 3 3 1556
221.20 220.82 226.37 224.57 37 3 3 1557
220.82 226.37 224.57 230.59 37 3 3 1558
226.37 224.57 230.59 230.05 37 3 3 1559
224.57 230.59 230.05 235.66 37 3 3 1560
230.59 230.05 235.66 234.14 37 3 3 1561
230.05 235.66 234.14 239.25 37 3 3 1562
235.66 234.14 239.25 237.94 37 3 3 1563
234.14 239.25 237.94 242.18 37 3 3 1564
239.25 237.94 242.18 239.97 37 3 3 1565
237.94 242.18 239.97 244.06 37 3 3 1566
242.18 239.97 244.06 241.69 37 3 3 1567
239.97 244.06 241.69 244.82 37 3 3 1568
244.06 241.69 244.82 243.17 37 3 3 1569
241.69 244.82 243.17 244.68 37 3 3 1570
244.82 243.17 244.68 238.69 37 3 3 1571
243.17 244.68 238.69 238.40 37 3 3 1572
244.68 238.69 238.40 232.18 37 3 3 1573
238.69 238.40 232.18 232.33 37 3 3 1574
238.40 232.18 232.33 227.08 37 3 3 1575
232.18 232.33 227.08 227.77 37 3 3 1576
232.33 227.08 227.77 223.67 37 3 3 1577
227.08 227.77 223.67 223.79 37 3 3 1578
227.77 223.67 223.79 219.32 37 3 3 1579
223.67 223.79 219.32 219.43 37 3 3 1580
223.79 219.32 219.43 215.08 37 3 3 1581
219.32 219.43 215.08 215.18 37 3 3 1582
219.43 215.08 215.18 211.08 37 3 3 1583
215.08 215.18 211.08 211.59 37 3 3 1584
215.18 211.08 211.59 207.64 37 3 3 1585
211.08 211.59 207.64 208.69 37 3 3 1586
211.59 207.64 208.69 205.21 37 3 3 1587
207.64 208.69 205.21 205.38 37 3 3 1588
208.69 205.21 205.38 202.17 37 3 3 1589
205.21 205.38 202.17 203.31 37 3 3 1590
205.38 202.17 203.31 200.72 37 3 3 1591
202.17 203.31 200.72 201.72 37 3 3 1592
203.31 200.72 201.72 199.65 37 3 3 1593
200.72 201.72 199.65 200.75 37 3 3 1594
201.72 199.65 200.75 200.20 37 3 3 1595
199.65 200.75 200.20 202.01 37 3 3 1596
200.75 200.20 202.01 198.81 37 3 3 1597
200.20 202.01 198.81 199.49 37 3 3 1598
202.01 198.81 199.49 197.47 37 3 3 1599
198.81 199.49 197.47 196.44 37 3 3 1600
199.49 197.47 196.44 193.33 37 3 3 1601
197.47 196.44 193.33 193.37 37 3 3 1602
196.44 193.33 193.37 191.33 37 3 3 1603
193.33 193.37 191.33 192.88 37 3 3 1604
193.37 191.33 192.88 194.27 37 3 3 1605
191.33 192.88 194.27 197.54 37 3 3 1606
192.88 194.27 197.54 199.10 37 3 3 1607
194.27 197.54 199.10 201.82 37 3 3 1608
197.54 199.10 201.82 205.07 37 3 3 1609
199.10 201.82 205.07 210.45 37 3 3 1610
201.82 205.07 210.45 215.32 37 3 3 1611
205.07 210.45 215.32 223.87 37 3 3 1612
210.45 215.32 223.87 231.69 37 3 3 1613
215.32 223.87 231.69 242.18 37 3 3 1614
223.87 231.69 242.18 250.82 37 3 3 1615
231.69 242.18 250.82 260.74 37 3 3 1616
242.18 250.82 260.74 269.92 37 3 3 1617
250.82 260.74 269.92 277.19 37 3 3 1618
260.74 269.92 277.19 285.07 37 3 3 1619
269.92 277.19 285.07 294.45 37 3 3 1620
277.19 285.07 294.45 302.69 37 3 3 1621
285.07 294.45 302.69 312.96 37 3 3 1622
294.45 302.69 312.96 325.00 37 3 3 1623
302.69 312.96 325.00 337.29 37 3 3 1624
312.96 325.00 337.29 344.96 37 3 3 1625
325.00 337.29 344.96 346.02 37 3 3 1626
337.29 344.96 346.02 337.30 37 3 3 1627
344.96 346.02 337.30 314.59 37 3 3 1628
346.02 337.30 314.59 292.41 37 3 3 1629
337.30 314.59 292.41 272.39 37 3 3 1630
314.59 292.41 272.39 261.14 37 3 3 1631
292.41 272.39 261.14 243.63 37 3 3 1632
272.39 261.14 243.63 222.05 37 3 3 1633
261.14 243.63 222.05 204.27 37 3 3 1634
243.63 222.05 204.27 185.88 37 3 3 1635
222.05 204.27 185.88 172.11 37 3 3 1636
204.27 185.88 172.11 154.27 37 3 3 1637
185.88 172.11 154.27 131.49 37 3 3 1638
172.11 154.27 131.49 111.53 37 3 3 1639
154.27 131.49 111.53 094.33 37 3 3 1640
131.49 111.53 094.33 080.26 37 3 3 1641
111.53 094.33 080.26 066.95 37 3 3 1642
094.33 080.26 066.95 055.41 37 3 3 1643
080.26 066.95 055.41 043.60 37 3 3 1644
066.95 055.41 043.60 034.12 37 3 3 1645
055.41 043.60 034.12 023.71 38 1 3 1646
043.60 034.12 023.71 019.61 38 1 1 1647
034.12 023.71 019.61 014.51 38 1 1 1648
023.71 019.61 014.51 012.66 38 1 1 1649
019.61 014.51 012.66 006.96 38 1 1 1650
014.51 012.66 006.96 001.15 38 1 1 1651
012.66 006.96 001.15 -00.51 39 0 0 1652
006.96 001.15 -00.51 001.19 39 0 0 1653
001.15 -00.51 001.19 000.89 39 0 0 1654
-00.51 001.19 000.89 002.47 39 0 0 1655
001.19 000.89 002.47 001.94 39 0 0 1656
000.89 002.47 001.94 003.76 39 0 0 1657
002.47 001.94 003.76 001.94 39 0 0 1658
001.94 003.76 001.94 003.75 39 0 0 1659
003.76 001.94 003.75 001.71 39 0 0 1660
001.94 003.75 001.71 003.30 39 0 0 1661
003.75 001.71 003.30 001.53 39 0 0 1662
001.71 003.30 001.53 003.42 39 0 0 1663
003.30 001.53 003.42 001.52 39 0 0 1664
001.53 003.42 001.52 003.22 39 0 0 1665
003.42 001.52 003.22 001.52 39 0 0 1666
001.52 003.22 001.52 003.52 39 0 0 1667
003.22 001.52 003.52 001.12 39 0 0 1668
001.52 003.52 001.12 003.52 39 0 0 1669
003.52 001.12 003.52 001.50 39 0 0 1670
001.12 003.52 001.50 003.71 39 0 0 1671
003.52 001.50 003.71 001.41 39 0 0 1672
001.50 003.71 001.41 003.86 39 0 0 1673
003.71 001.41 003.86 001.41 39 0 0 1674
001.41 003.86 001.41 003.88 39 0 0 1675
003.86 001.41 003.88 001.04 39 0 0 1676
001.41 003.88 001.04 004.01 39 0 0 1677
003.88 001.04 004.01 001.25 39 0 0 1678
001.04 004.01 001.25 003.65 39 0 0 1679
004.01 001.25 003.65 000.98 39 0 0 1680
001.25 003.65 000.98 003.66 39 0 0 1681
003.65 000.98 003.66 001.44 39 0 0 1682
000.98 003.66 001.44 004.18 39 0 0 1683
003.66 001.44 004.18 001.21 39 0 0 1684
001.44 004.18 001.21 004.09 39 0 0 1685
004.18 001.21 004.09 001.21 39 0 0 1686
001.21 004.09 001.21 004.14 39 0 0 1687
004.09 001.21 004.14 001.07 39 0 0 1688
001.21 004.14 001.07 004.13 39 0 0 1689
004.14 001.07 004.13 000.61 39 0 0 1690
001.07 004.13 000.61 003.90 39 0 0 1691
004.13 000.61 003.90 -00.07 39 0 0 1692
000.61 003.90 -00.07 003.10 39 0 0 1693
003.90 -00.07 003.10 000.05 39 0 0 1694
-00.07 003.10 000.05 003.70 39 0 0 1695
003.10 000.05 003.70 000.37 39 0 0 1696
000.05 003.70 000.37 004.63 39 0 0 1697
003.70 000.37 004.63 001.29 39 0 0 1698
000.37 004.63 001.29 005.11 39 0 0 1699
004.63 001.29 005.11 001.95 39 0 0 1700
001.29 005.11 001.95 006.25 39 0 0 1701
005.11 001.95 006.25 002.93 39 0 0 1702
001.95 006.25 002.93 006.98 39 0 0 1703
006.25 002.93 006.98 002.62 39 0 0 1704
002.93 006.98 002.62 006.70 39 0 0 1705
006.98 002.62 006.70 003.04 39 0 0 1706
002.62 006.70 003.04 006.53 40 2 0 1707
006.70 003.04 006.53 001.78 40 2 0 1708
003.04 006.53 001.78 016.97 40 2 2 1709
006.53 001.78 016.97 024.06 40 2 2 1710
001.78 016.97 024.06 033.27 40 2 2 1711
016.97 024.06 033.27 034.65 40 2 2 1712
024.06 033.27 034.65 043.39 41 3 2 1713
033.27 034.65 043.39 042.35 41 3 2 1714
034.65 043.39 042.35 055.49 41 3 3 1715
043.39 042.35 055.49 061.46 41 3 3 1716
042.35 055.49 061.46 076.46 41 3 3 1717
055.49 061.46 076.46 083.64 41 3 3 1718
061.46 076.46 083.64 107.18 41 3 3 1719
076.46 083.64 107.18 121.91 41 3 3 1720
083.64 107.18 121.91 140.59 41 3 3 1721
107.18 121.91 140.59 144.06 41 3 3 1722
121.91 140.59 144.06 158.68 41 3 3 1723
140.59 144.06 158.68 158.26 41 3 3 1724
144.06 158.68 158.26 163.21 41 3 3 1725
158.68 158.26 163.21 159.28 41 3 3 1726
158.26 163.21 159.28 165.39 41 3 3 1727
163.21 159.28 165.39 162.05 41 3 3 1728
159.28 165.39 162.05 170.62 41 3 3 1729
165.39 162.05 170.62 168.46 41 3 3 1730
162.05 170.62 168.46 177.63 41 3 3 1731
170.62 168.46 177.63 177.13 41 3 3 1732
168.46 177.63 177.13 187.14 41 3 3 1733
177.63 177.13 187.14 186.23 41 3 3 1734
177.13 187.14 186.23 195.41 41 3 3 1735
187.14 186.23 195.41 193.69 41 3 3 1736
186.23 195.41 193.69 201.06 41 3 3 1737
195.41 193.69 201.06 196.56 41 3 3 1738
193.69 201.06 196.56 203.39 41 3 3 1739
201.06 196.56 203.39 200.73 41 3 3 1740
196.56 203.39 200.73 209.08 41 3 3 1741
203.39 200.73 209.08 208.41 41 3 3 1742
200.73 209.08 208.41 217.92 41 3 3 1743
209.08 208.41 217.92 218.58 41 3 3 1744
208.41 217.92 218.58 227.71 41 3 3 1745
217.92 218.58 227.71 222.28 41 3 3 1746
218.58 227.71 222.28 224.91 41 3 3 1747
227.71 222.28 224.91 217.48 41 3 3 1748
222.28 224.91 217.48 218.17 41 3 3 1749
224.91 217.48 218.17 209.63 41 3 3 1750
217.48 218.17 209.63 211.68 41 3 3 1751
218.17 209.63 211.68 203.85 41 3 3 1752
209.63 211.68 203.85 207.10 41 3 3 1753
211.68 203.85 207.10 200.72 41 3 3 1754
203.85 207.10 200.72 203.68 41 3 3 1755
207.10 200.72 203.68 198.30 41 3 3 1756
200.72 203.68 198.30 201.93 41 3 3 1757
203.68 198.30 201.93 197.19 41 3 3 1758
198.30 201.93 197.19 203.11 41 3 3 1759
201.93 197.19 203.11 198.51 41 3 3 1760
197.19 203.11 198.51 204.76 41 3 3 1761
203.11 198.51 204.76 201.87 41 3 3 1762
198.51 204.76 201.87 208.09 41 3 3 1763
204.76 201.87 208.09 204.26 41 3 3 1764
201.87 208.09 204.26 212.27 41 3 3 1765
208.09 204.26 212.27 209.92 41 3 3 1766
204.26 212.27 209.92 216.60 41 3 3 1767
212.27 209.92 216.60 213.41 41 3 3 1768
209.92 216.60 213.41 220.70 41 3 3 1769
216.60 213.41 220.70 217.01 41 3 3 1770
213.41 220.70 217.01 222.65 41 3 3 1771
220.70 217.01 222.65 218.40 41 3 3 1772
217.01 222.65 218.40 222.89 41 3 3 1773
222.65 218.40 222.89 217.60 41 3 3 1774
218.40 222.89 217.60 221.56 41 3 3 1775
222.89 217.60 221.56 214.39 41 3 3 1776
217.60 221.56 214.39 217.84 41 3 3 1777
221.56 214.39 217.84 210.18 41 3 3 1778
214.39 217.84 210.18 212.78 41 3 3 1779
217.84 210.18 212.78 205.82 41 3 3 1780
210.18 212.78 205.82 210.01 41 3 3 1781
212.78 205.82 210.01 203.87 41 3 3 1782
205.82 210.01 203.87 207.59 41 3 3 1783
210.01 203.87 207.59 202.75 41 3 3 1784
203.87 207.59 202.75 206.02 41 3 3 1785
207.59 202.75 206.02 200.18 41 3 3 1786
202.75 206.02 200.18 205.17 41 3 3 1787
206.02 200.18 205.17 199.88 41 3 3 1788
200.18 205.17 199.88 205.89 41 3 3 1789
205.17 199.88 205.89 201.58 41 3 3 1790
199.88 205.89 201.58 207.69 41 3 3 1791
205.89 201.58 207.69 204.49 41 3 3 1792
201.58 207.69 204.49 211.52 41 3 3 1793
207.69 204.49 211.52 208.34 41 3 3 1794
204.49 211.52 208.34 214.28 41 3 3 1795
211.52 208.34 214.28 211.40 41 3 3 1796
208.34 214.28 211.40 218.29 41 3 3 1797
214.28 211.40 218.29 217.62 41 3 3 1798
211.40 218.29 217.62 226.62 41 3 3 1799
218.29 217.62 226.62 226.98 41 3 3 1800
217.62 226.62 226.98 238.18 41 3 3 1801
226.62 226.98 238.18 241.52 41 3 3 1802
226.98 238.18 241.52 255.83 41 3 3 1803
238.18 241.52 255.83 260.31 41 3 3 1804
241.52 255.83 260.31 275.16 41 3 3 1805
255.83 260.31 275.16 284.67 41 3 3 1806
260.31 275.16 284.67 305.35 41 3 3 1807
275.16 284.67 305.35 314.96 41 3 3 1808
284.67 305.35 314.96 325.15 41 3 3 1809
305.35 314.96 325.15 325.73 41 3 3 1810
314.96 325.15 325.73 333.14 41 3 3 1811
325.15 325.73 333.14 332.54 41 3 3 1812
325.73 333.14 332.54 322.08 41 3 3 1813
333.14 332.54 322.08 294.29 41 3 3 1814
332.54 322.08 294.29 281.11 41 3 3 1815
322.08 294.29 281.11 266.76 41 3 3 1816
294.29 281.11 266.76 254.89 41 3 3 1817
281.11 266.76 254.89 233.31 41 3 3 1818
266.76 254.89 233.31 217.03 41 3 3 1819
254.89 233.31 217.03 201.66 41 3 3 1820
233.31 217.03 201.66 200.58 41 3 3 1821
217.03 201.66 200.58 188.53 41 3 3 1822
201.66 200.58 188.53 179.91 41 3 3 1823
200.58 188.53 179.91 156.63 41 3 3 1824
188.53 179.91 156.63 139.29 41 3 3 1825
179.91 156.63 139.29 114.27 41 3 3 1826
156.63 139.29 114.27 101.18 41 3 3 1827
139.29 114.27 101.18 087.12 41 3 3 1828
114.27 101.18 087.12 080.00 41 3 3 1829
101.18 087.12 080.00 065.35 41 3 3 1830
087.12 080.00 065.35 057.64 41 3 3 1831
080.00 065.35 057.64 041.61 41 3 3 1832
065.35 057.64 041.61 036.00 41 3 3 1833
057.64 041.61 036.00 025.15 42 1 3 1834
041.61 036.00 025.15 021.83 42 1 1 1835
036.00 025.15 021.83 014.49 42 1 1 1836
025.15 021.83 014.49 015.70 42 1 1 1837
021.83 014.49 015.70 007.55 42 1 1 1838
014.49 015.70 007.55 002.17 42 1 1 1839
015.70 007.55 002.17 000.67 43 0 0 1840
007.55 002.17 000.67 004.14 43 0 0 1841
002.17 000.67 004.14 001.88 43 0 0 1842
000.67 004.14 001.88 005.39 43 0 0 1843
004.14 001.88 005.39 002.67 43 0 0 1844
001.88 005.39 002.67 005.72 43 0 0 1845
005.39 002.67 005.72 002.52 43 0 0 1846
002.67 005.72 002.52 005.28 43 0 0 1847
005.72 002.52 005.28 002.69 43 0 0 1848
002.52 005.28 002.69 005.72 43 0 0 1849
005.28 002.69 005.72 002.13 43 0 0 1850
002.69 005.72 002.13 005.78 43 0 0 1851
005.72 002.13 005.78 002.94 43 0 0 1852
002.13 005.78 002.94 005.44 43 0 0 1853
005.78 002.94 005.44 003.01 43 0 0 1854
002.94 005.44 003.01 005.64 43 0 0 1855
005.44 003.01 005.64 002.74 43 0 0 1856
003.01 005.64 002.74 005.37 43 0 0 1857
005.64 002.74 005.37 002.54 43 0 0 1858
002.74 005.37 002.54 005.63 43 0 0 1859
005.37 002.54 005.63 002.31 43 0 0 1860
002.54 005.63 002.31 005.13 43 0 0 1861
005.63 002.31 005.13 002.98 43 0 0 1862
002.31 005.13 002.98 004.84 43 0 0 1863
005.13 002.98 004.84 002.89 43 0 0 1864
002.98 004.84 002.89 004.91 43 0 0 1865
004.84 002.89 004.91 002.58 43 0 0 1866
002.89 004.91 002.58 004.38 43 0 0 1867
004.91 002.58 004.38 002.29 43 0 0 1868
002.58 004.38 002.29 004.85 43 0 0 1869
004.38 002.29 004.85 002.28 43 0 0 1870
002.29 004.85 002.28 004.48 43 0 0 1871
004.85 002.28 004.48 002.93 43 0 0 1872
002.28 004.48 002.93 005.09 43 0 0 1873
004.48 002.93 005.09 003.05 43 0 0 1874
002.93 005.09 003.05 004.79 43 0 0 1875
005.09 003.05 004.79 002.85 43 0 0 1876
003.05 004.79 002.85 004.29 43 0 0 1877
004.79 002.85 004.29 002.14 43 0 0 1878
002.85 004.29 002.14 004.01 43 0 0 1879
004.29 002.14 004.01 002.04 43 0 0 1880
002.14 004.01 002.04 003.78 43 0 0 1881
004.01 002.04 003.78 002.18 43 0 0 1882
002.04 003.78 002.18 003.98 43 0 0 1883
003.78 002.18 003.98 002.31 43 0 0 1884
002.18 003.98 002.31 003.67 43 0 0 1885
003.98 002.31 003.67 002.53 43 0 0 1886
002.31 003.67 002.53 004.53 43 0 0 1887
003.67 002.53 004.53 005.31 43 0 0 1888
002.53 004.53 005.31 007.09 43 0 0 1889
004.53 005.31 007.09 007.05 44 2 0 1890
005.31 007.09 007.05 008.65 44 2 0 1891
007.09 007.05 008.65 007.96 44 2 2 1892
007.05 008.65 007.96 011.04 44 2 2 1893
008.65 007.96 011.04 015.99 44 2 2 1894
007.96 011.04 015.99 034.14 44 2 2 1895
011.04 015.99 034.14 045.47 45 3 2 1896
015.99 034.14 045.47 048.86 45 3 2 1897
034.14 045.47 048.86 049.06 45 3 3 1898
045.47 048.86 049.06 055.88 45 3 3 1899
048.86 049.06 055.88 062.85 45 3 3 1900
049.06 055.88 062.85 070.87 45 3 3 1901
055.88 062.85 070.87 077.08 45 3 3 1902
062.85 070.87 077.08 087.97 45 3 3 1903
070.87 077.08 087.97 098.92 45 3 3 1904
077.08 087.97 098.92 115.17 45 3 3 1905
087.97 098.92 115.17 130.40 45 3 3 1906
098.92 115.17 130.40 143.16 45 3 3 1907
115.17 130.40 143.16 154.52 45 3 3 1908
130.40 143.16 154.52 164.20 45 3 3 1909
143.16 154.52 164.20 174.05 45 3 3 1910
154.52 164.20 174.05 181.86 45 3 3 1911
164.20 174.05 181.86 187.77 45 3 3 1912
174.05 181.86 187.77 192.34 45 3 3 1913
181.86 187.77 192.34 197.13 45 3 3 1914
187.77 192.34 197.13 200.22 45 3 3 1915
192.34 197.13 200.22 203.91 45 3 3 1916
197.13 200.22 203.91 207.35 45 3 3 1917
200.22 203.91 207.35 211.55 45 3 3 1918
203.91 207.35 211.55 214.26 45 3 3 1919
207.35 211.55 214.26 217.43 45 3 3 1920
211.55 214.26 217.43 218.98 45 3 3 1921
214.26 217.43 218.98 222.39 45 3 3 1922
217.43 218.98 222.39 224.02 45 3 3 1923
218.98 222.39 224.02 227.51 45 3 3 1924
222.39 224.02 227.51 229.25 45 3 3 1925
224.02 227.51 229.25 231.91 45 3 3 1926
227.51 229.25 231.91 232.51 45 3 3 1927
229.25 231.91 232.51 234.57 45 3 3 1928
231.91 232.51 234.57 233.06 45 3 3 1929
232.51 234.57 233.06 230.96 45 3 3 1930
234.57 233.06 230.96 226.34 45 3 3 1931
233.06 230.96 226.34 223.01 45 3 3 1932
230.96 226.34 223.01 218.74 45 3 3 1933
226.34 223.01 218.74 217.45 45 3 3 1934
223.01 218.74 217.45 214.81 45 3 3 1935
218.74 217.45 214.81 215.02 45 3 3 1936
217.45 214.81 215.02 213.08 45 3 3 1937
214.81 215.02 213.08 214.06 45 3 3 1938
215.02 213.08 214.06 212.80 45 3 3 1939
213.08 214.06 212.80 213.49 45 3 3 1940
214.06 212.80 213.49 211.78 45 3 3 1941
212.80 213.49 211.78 212.32 45 3 3 1942
213.49 211.78 212.32 210.47 45 3 3 1943
211.78 212.32 210.47 210.09 45 3 3 1944
212.32 210.47 210.09 207.88 45 3 3 1945
210.47 210.09 207.88 208.29 45 3 3 1946
210.09 207.88 208.29 205.70 45 3 3 1947
207.88 208.29 205.70 207.48 45 3 3 1948
208.29 205.70 207.48 205.27 45 3 3 1949
205.70 207.48 205.27 206.49 45 3 3 1950
207.48 205.27 206.49 203.58 45 3 3 1951
205.27 206.49 203.58 205.60 45 3 3 1952
206.49 203.58 205.60 202.82 45 3 3 1953
203.58 205.60 202.82 204.82 45 3 3 1954
205.60 202.82 204.82 201.86 45 3 3 1955
202.82 204.82 201.86 203.39 45 3 3 1956
204.82 201.86 203.39 201.15 45 3 3 1957
201.86 203.39 201.15 202.94 45 3 3 1958
203.39 201.15 202.94 199.60 45 3 3 1959
201.15 202.94 199.60 201.25 45 3 3 1960
202.94 199.60 201.25 198.93 45 3 3 1961
199.60 201.25 198.93 202.57 45 3 3 1962
201.25 198.93 202.57 201.06 45 3 3 1963
198.93 202.57 201.06 204.55 45 3 3 1964
202.57 201.06 204.55 202.74 45 3 3 1965
201.06 204.55 202.74 206.34 45 3 3 1966
204.55 202.74 206.34 205.13 45 3 3 1967
202.74 206.34 205.13 210.45 45 3 3 1968
206.34 205.13 210.45 211.26 45 3 3 1969
205.13 210.45 211.26 219.82 45 3 3 1970
210.45 211.26 219.82 222.43 45 3 3 1971
211.26 219.82 222.43 231.68 45 3 3 1972
219.82 222.43 231.68 235.94 45 3 3 1973
222.43 231.68 235.94 247.40 45 3 3 1974
231.68 235.94 247.40 251.80 45 3 3 1975
235.94 247.40 251.80 263.83 45 3 3 1976
247.40 251.80 263.83 269.92 45 3 3 1977
251.80 263.83 269.92 280.51 45 3 3 1978
263.83 269.92 280.51 284.10 45 3 3 1979
269.92 280.51 284.10 294.56 45 3 3 1980
280.51 284.10 294.56 298.34 45 3 3 1981
284.10 294.56 298.34 308.62 45 3 3 1982
294.56 298.34 308.62 313.55 45 3 3 1983
298.34 308.62 313.55 326.67 45 3 3 1984
308.62 313.55 326.67 332.18 45 3 3 1985
313.55 326.67 332.18 341.70 45 3 3 1986
326.67 332.18 341.70 332.72 45 3 3 1987
332.18 341.70 332.72 317.62 45 3 3 1988
341.70 332.72 317.62 287.05 45 3 3 1989
332.72 317.62 287.05 275.81 45 3 3 1990
317.62 287.05 275.81 256.56 45 3 3 1991
287.05 275.81 256.56 245.31 45 3 3 1992
275.81 256.56 245.31 219.83 45 3 3 1993
256.56 245.31 219.83 212.72 45 3 3 1994
245.31 219.83 212.72 197.27 45 3 3 1995
219.83 212.72 197.27 183.67 45 3 3 1996
212.72 197.27 183.67 162.40 45 3 3 1997
197.27 183.67 162.40 146.96 45 3 3 1998
183.67 162.40 146.96 123.61 45 3 3 1999
162.40 146.96 123.61 108.65 45 3 3 2000
146.96 123.61 108.65 088.37 45 3 3 2001
123.61 108.65 088.37 077.28 45 3 3 2002
108.65 088.37 077.28 062.22 45 3 3 2003
088.37 077.28 062.22 056.34 45 3 3 2004
077.28 062.22 056.34 042.00 45 3 3 2005
062.22 056.34 042.00 037.79 45 3 3 2006
056.34 042.00 037.79 026.37 46 1 3 2007
042.00 037.79 026.37 023.34 46 1 1 2008
037.79 026.37 023.34 014.32 46 1 1 2009
026.37 023.34 014.32 014.84 46 1 1 2010
023.34 014.32 014.84 005.38 46 1 1 2011
014.32 014.84 005.38 002.70 46 1 1 2012
014.84 005.38 002.70 -01.80 47 0 0 2013
005.38 002.70 -01.80 002.66 47 0 0 2014
002.70 -01.80 002.66 -00.39 47 0 0 2015
-01.80 002.66 -00.39 004.42 47 0 0 2016
002.66 -00.39 004.42 000.43 47 0 0 2017
-00.39 004.42 000.43 004.84 47 0 0 2018
004.42 000.43 004.84 000.11 47 0 0 2019
000.43 004.84 000.11 005.31 47 0 0 2020
004.84 000.11 005.31 000.40 47 0 0 2021
000.11 005.31 000.40 004.90 47 0 0 2022
005.31 000.40 004.90 000.90 47 0 0 2023
000.40 004.90 000.90 004.82 47 0 0 2024
004.90 000.90 004.82 000.53 47 0 0 2025
000.90 004.82 000.53 005.04 47 0 0 2026
004.82 000.53 005.04 000.18 47 0 0 2027
000.53 005.04 000.18 004.93 47 0 0 2028
005.04 000.18 004.93 000.32 47 0 0 2029
000.18 004.93 000.32 005.27 47 0 0 2030
004.93 000.32 005.27 000.35 47 0 0 2031
000.32 005.27 000.35 005.06 47 0 0 2032
005.27 000.35 005.06 000.39 47 0 0 2033
000.35 005.06 000.39 005.36 47 0 0 2034
005.06 000.39 005.36 000.47 47 0 0 2035
000.39 005.36 000.47 005.58 47 0 0 2036
005.36 000.47 005.58 000.25 47 0 0 2037
000.47 005.58 000.25 004.91 47 0 0 2038
005.58 000.25 004.91 -00.01 47 0 0 2039
000.25 004.91 -00.01 005.68 47 0 0 2040
004.91 -00.01 005.68 000.58 47 0 0 2041
-00.01 005.68 000.58 005.37 47 0 0 2042
005.68 000.58 005.37 000.64 47 0 0 2043
000.58 005.37 000.64 005.68 47 0 0 2044
005.37 000.64 005.68 000.93 47 0 0 2045
000.64 005.68 000.93 005.88 47 0 0 2046
005.68 000.93 005.88 000.59 47 0 0 2047
000.93 005.88 000.59 005.97 47 0 0 2048
005.88 000.59 005.97 -00.05 47 0 0 2049
000.59 005.97 -00.05 005.29 47 0 0 2050
005.97 -00.05 005.29 000.23 47 0 0 2051
-00.05 005.29 000.23 005.65 47 0 0 2052
005.29 000.23 005.65 000.25 47 0 0 2053
000.23 005.65 000.25 005.94 47 0 0 2054
005.65 000.25 005.94 000.48 47 0 0 2055
000.25 005.94 000.48 006.53 47 0 0 2056
005.94 000.48 006.53 001.48 47 0 0 2057
000.48 006.53 001.48 006.76 47 0 0 2058
006.53 001.48 006.76 001.40 47 0 0 2059
001.48 006.76 001.40 007.24 47 0 0 2060
006.76 001.40 007.24 001.76 47 0 0 2061
001.40 007.24 001.76 007.90 47 0 0 2062
007.24 001.76 007.90 002.43 47 0 0 2063
001.76 007.90 002.43 007.04 47 0 0 2064
007.90 002.43 007.04 002.11 48 2 0 2065
002.43 007.04 002.11 009.04 48 2 0 2066
007.04 002.11 009.04 004.12 48 2 2 2067
002.11 009.04 004.12 021.26 48 2 2 2068
009.04 004.12 021.26 024.08 48 2 2 2069
004.12 021.26 024.08 045.47 48 2 2 2070
021.26 024.08 045.47 049.24 49 3 2 2071
024.08 045.47 049.24 055.74 49 3 2 2072
045.47 049.24 055.74 050.03 49 3 3 2073
049.24 055.74 050.03 056.63 49 3 3 2074
055.74 050.03 056.63 055.23 49 3 3 2075
050.03 056.63 055.23 068.49 49 3 3 2076
056.63 055.23 068.49 070.65 49 3 3 2077
055.23 068.49 070.65 083.36 49 3 3 2078
068.49 070.65 083.36 086.75 49 3 3 2079
070.65 083.36 086.75 108.02 49 3 3 2080
083.36 086.75 108.02 121.29 49 3 3 2081
086.75 108.02 121.29 143.77 49 3 3 2082
108.02 121.29 143.77 152.15 49 3 3 2083
121.29 143.77 152.15 170.67 49 3 3 2084
143.77 152.15 170.67 171.62 49 3 3 2085
152.15 170.67 171.62 184.19 49 3 3 2086
170.67 171.62 184.19 186.58 49 3 3 2087
171.62 184.19 186.58 197.59 49 3 3 2088
184.19 186.58 197.59 199.17 49 3 3 2089
186.58 197.59 199.17 210.82 49 3 3 2090
197.59 199.17 210.82 210.50 49 3 3 2091
199.17 210.82 210.50 220.74 49 3 3 2092
210.82 210.50 220.74 220.40 49 3 3 2093
210.50 220.74 220.40 229.69 49 3 3 2094
220.74 220.40 229.69 229.28 49 3 3 2095
220.40 229.69 229.28 236.76 49 3 3 2096
229.69 229.28 236.76 234.93 49 3 3 2097
229.28 236.76 234.93 241.47 49 3 3 2098
236.76 234.93 241.47 239.02 49 3 3 2099
234.93 241.47 239.02 244.05 49 3 3 2100
241.47 239.02 244.05 238.89 49 3 3 2101
239.02 244.05 238.89 241.56 49 3 3 2102
244.05 238.89 241.56 234.17 49 3 3 2103
238.89 241.56 234.17 233.43 49 3 3 2104
241.56 234.17 233.43 224.53 49 3 3 2105
234.17 233.43 224.53 224.27 49 3 3 2106
233.43 224.53 224.27 216.22 49 3 3 2107
224.53 224.27 216.22 217.01 49 3 3 2108
224.27 216.22 217.01 209.71 49 3 3 2109
216.22 217.01 209.71 209.66 49 3 3 2110
217.01 209.71 209.66 202.60 49 3 3 2111
209.71 209.66 202.60 203.23 49 3 3 2112
209.66 202.60 203.23 197.37 49 3 3 2113
202.60 203.23 197.37 198.11 49 3 3 2114
203.23 197.37 198.11 193.27 49 3 3 2115
197.37 198.11 193.27 195.97 49 3 3 2116
198.11 193.27 195.97 192.06 49 3 3 2117
193.27 195.97 192.06 194.15 49 3 3 2118
195.97 192.06 194.15 191.15 49 3 3 2119
192.06 194.15 191.15 194.58 49 3 3 2120
194.15 191.15 194.58 191.27 49 3 3 2121
191.15 194.58 191.27 194.34 49 3 3 2122
194.58 191.27 194.34 191.66 49 3 3 2123
191.27 194.34 191.66 194.92 49 3 3 2124
194.34 191.66 194.92 191.41 49 3 3 2125
191.66 194.92 191.41 194.38 49 3 3 2126
194.92 191.41 194.38 190.15 49 3 3 2127
191.41 194.38 190.15 191.17 49 3 3 2128
194.38 190.15 191.17 185.81 49 3 3 2129
190.15 191.17 185.81 187.96 49 3 3 2130
191.17 185.81 187.96 183.07 49 3 3 2131
185.81 187.96 183.07 185.01 49 3 3 2132
187.96 183.07 185.01 180.86 49 3 3 2133
183.07 185.01 180.86 183.09 49 3 3 2134
185.01 180.86 183.09 178.56 49 3 3 2135
180.86 183.09 178.56 181.50 49 3 3 2136
183.09 178.56 181.50 178.21 49 3 3 2137
178.56 181.50 178.21 181.42 49 3 3 2138
181.50 178.21 181.42 179.07 49 3 3 2139
178.21 181.42 179.07 184.33 49 3 3 2140
181.42 179.07 184.33 183.92 49 3 3 2141
179.07 184.33 183.92 189.30 49 3 3 2142
184.33 183.92 189.30 189.86 49 3 3 2143
183.92 189.30 189.86 195.99 49 3 3 2144
189.30 189.86 195.99 195.89 49 3 3 2145
189.86 195.99 195.89 202.25 49 3 3 2146
195.99 195.89 202.25 204.43 49 3 3 2147
195.89 202.25 204.43 212.99 49 3 3 2148
202.25 204.43 212.99 217.15 49 3 3 2149
204.43 212.99 217.15 227.47 49 3 3 2150
212.99 217.15 227.47 233.47 49 3 3 2151
217.15 227.47 233.47 242.92 49 3 3 2152
227.47 233.47 242.92 250.46 49 3 3 2153
233.47 242.92 250.46 262.23 49 3 3 2154
242.92 250.46 262.23 269.89 49 3 3 2155
250.46 262.23 269.89 282.55 49 3 3 2156
262.23 269.89 282.55 291.62 49 3 3 2157
269.89 282.55 291.62 302.66 49 3 3 2158
282.55 291.62 302.66 307.24 49 3 3 2159
291.62 302.66 307.24 313.22 49 3 3 2160
302.66 307.24 313.22 316.79 49 3 3 2161
307.24 313.22 316.79 322.00 49 3 3 2162
313.22 316.79 322.00 315.18 49 3 3 2163
316.79 322.00 315.18 291.21 49 3 3 2164
322.00 315.18 291.21 266.15 49 3 3 2165
315.18 291.21 266.15 245.48 49 3 3 2166
291.21 266.15 245.48 234.29 49 3 3 2167
266.15 245.48 234.29 225.40 49 3 3 2168
245.48 234.29 225.40 199.55 49 3 3 2169
234.29 225.40 199.55 182.36 49 3 3 2170
225.40 199.55 182.36 166.79 49 3 3 2171
199.55 182.36 166.79 144.91 49 3 3 2172
182.36 166.79 144.91 119.64 49 3 3 2173
166.79 144.91 119.64 098.27 49 3 3 2174
144.91 119.64 098.27 079.57 49 3 3 2175
119.64 098.27 079.57 066.27 49 3 3 2176
098.27 079.57 066.27 053.27 49 3 3 2177
079.57 066.27 053.27 041.07 49 3 3 2178
066.27 053.27 041.07 031.47 50 1 3 2179
053.27 041.07 031.47 024.38 50 1 1 2180
041.07 031.47 024.38 018.41 50 1 1 2181
031.47 024.38 018.41 015.59 50 1 1 2182
024.38 018.41 015.59 012.82 50 1 1 2183
018.41 015.59 012.82 007.88 50 1 1 2184
015.59 012.82 007.88 000.52 51 0 0 2185
012.82 007.88 000.52 001.48 51 0 0 2186
007.88 000.52 001.48 001.40 51 0 0 2187
000.52 001.48 001.40 002.15 51 0 0 2188
001.48 001.40 002.15 003.06 51 0 0 2189
001.40 002.15 003.06 003.10 51 0 0 2190
002.15 003.06 003.10 002.98 51 0 0 2191
003.06 003.10 002.98 003.32 51 0 0 2192
003.10 002.98 003.32 003.42 51 0 0 2193
002.98 003.32 003.42 003.01 51 0 0 2194
003.32 003.42 003.01 003.14 51 0 0 2195
003.42 003.01 003.14 002.85 51 0 0 2196
003.01 003.14 002.85 003.09 51 0 0 2197
003.14 002.85 003.09 002.92 51 0 0 2198
002.85 003.09 002.92 003.58 51 0 0 2199
003.09 002.92 003.58 003.52 51 0 0 2200
002.92 003.58 003.52 004.20 51 0 0 2201
003.58 003.52 004.20 003.42 51 0 0 2202
003.52 004.20 003.42 004.22 51 0 0 2203
004.20 003.42 004.22 003.15 51 0 0 2204
003.42 004.22 003.15 004.07 51 0 0 2205
004.22 003.15 004.07 003.21 51 0 0 2206
003.15 004.07 003.21 003.59 51 0 0 2207
004.07 003.21 003.59 002.96 51 0 0 2208
003.21 003.59 002.96 003.95 51 0 0 2209
003.59 002.96 003.95 002.61 51 0 0 2210
002.96 003.95 002.61 003.80 51 0 0 2211
003.95 002.61 003.80 002.69 51 0 0 2212
002.61 003.80 002.69 004.13 51 0 0 2213
003.80 002.69 004.13 003.17 51 0 0 2214
002.69 004.13 003.17 004.21 51 0 0 2215
004.13 003.17 004.21 003.39 51 0 0 2216
003.17 004.21 003.39 004.71 51 0 0 2217
004.21 003.39 004.71 003.73 51 0 0 2218
003.39 004.71 003.73 004.84 51 0 0 2219
004.71 003.73 004.84 003.34 51 0 0 2220
003.73 004.84 003.34 005.02 51 0 0 2221
004.84 003.34 005.02 003.62 51 0 0 2222
003.34 005.02 003.62 004.34 51 0 0 2223
005.02 003.62 004.34 003.14 51 0 0 2224
003.62 004.34 003.14 004.60 51 0 0 2225
004.34 003.14 004.60 002.87 51 0 0 2226
003.14 004.60 002.87 004.34 51 0 0 2227
004.60 002.87 004.34 002.89 51 0 0 2228
002.87 004.34 002.89 004.51 51 0 0 2229
004.34 002.89 004.51 002.99 51 0 0 2230
002.89 004.51 002.99 004.39 51 0 0 2231
004.51 002.99 004.39 003.16 51 0 0 2232
002.99 004.39 003.16 004.77 51 0 0 2233
004.39 003.16 004.77 003.24 51 0 0 2234
003.16 004.77 003.24 004.43 51 0 0 2235
004.77 003.24 004.43 002.39 51 0 0 2236
003.24 004.43 002.39 005.38 51 0 0 2237
004.43 002.39 005.38 003.45 51 0 0 2238
002.39 005.38 003.45 008.35 51 0 0 2239
005.38 003.45 008.35 005.89 51 0 0 2240
003.45 008.35 005.89 007.63 51 0 0 2241
008.35 005.89 007.63 008.88 52 2 0 2242
005.89 007.63 008.88 020.34 52 2 0 2243
007.63 008.88 020.34 023.70 52 2 2 2244
008.88 020.34 023.70 029.89 52 2 2 2245
020.34 023.70 029.89 032.32 52 2 2 2246
023.70 029.89 032.32 037.87 52 2 2 2247
029.89 032.32 037.87 037.81 53 3 2 2248
032.32 037.87 037.81 043.99 53 3 2 2249
037.87 037.81 043.99 044.07 53 3 3 2250
037.81 043.99 044.07 053.37 53 3 3 2251
043.99 044.07 053.37 058.32 53 3 3 2252
044.07 053.37 058.32 074.19 53 3 3 2253
053.37 058.32 074.19 083.49 53 3 3 2254
058.32 074.19 083.49 095.94 53 3 3 2255
074.19 083.49 095.94 102.40 53 3 3 2256
083.49 095.94 102.40 116.79 53 3 3 2257
095.94 102.40 116.79 122.57 53 3 3 2258
102.40 116.79 122.57 132.86 53 3 3 2259
116.79 122.57 132.86 136.99 53 3 3 2260
122.57 132.86 136.99 148.61 53 3 3 2261
132.86 136.99 148.61 152.09 53 3 3 2262
136.99 148.61 152.09 162.76 53 3 3 2263
148.61 152.09 162.76 166.93 53 3 3 2264
152.09 162.76 166.93 178.45 53 3 3 2265
162.76 166.93 178.45 182.11 53 3 3 2266
166.93 178.45 182.11 193.69 53 3 3 2267
178.45 182.11 193.69 196.45 53 3 3 2268
182.11 193.69 196.45 205.91 53 3 3 2269
193.69 196.45 205.91 208.06 53 3 3 2270
196.45 205.91 208.06 215.82 53 3 3 2271
205.91 208.06 215.82 216.94 53 3 3 2272
208.06 215.82 216.94 224.48 53 3 3 2273
215.82 216.94 224.48 224.69 53 3 3 2274
216.94 224.48 224.69 231.57 53 3 3 2275
224.48 224.69 231.57 230.07 53 3 3 2276
224.69 231.57 230.07 233.74 53 3 3 2277
231.57 230.07 233.74 227.77 53 3 3 2278
230.07 233.74 227.77 228.44 53 3 3 2279
233.74 227.77 228.44 221.91 53 3 3 2280
227.77 228.44 221.91 222.18 53 3 3 2281
228.44 221.91 222.18 214.54 53 3 3 2282
221.91 222.18 214.54 214.75 53 3 3 2283
222.18 214.54 214.75 207.50 53 3 3 2284
214.54 214.75 207.50 207.87 53 3 3 2285
214.75 207.50 207.87 202.21 53 3 3 2286
207.50 207.87 202.21 206.07 53 3 3 2287
207.87 202.21 206.07 201.92 53 3 3 2288
202.21 206.07 201.92 207.30 53 3 3 2289
206.07 201.92 207.30 204.48 53 3 3 2290
201.92 207.30 204.48 211.48 53 3 3 2291
207.30 204.48 211.48 209.45 53 3 3 2292
204.48 211.48 209.45 216.03 53 3 3 2293
211.48 209.45 216.03 214.46 53 3 3 2294
209.45 216.03 214.46 220.87 53 3 3 2295
216.03 214.46 220.87 219.17 53 3 3 2296
214.46 220.87 219.17 225.10 53 3 3 2297
220.87 219.17 225.10 222.69 53 3 3 2298
219.17 225.10 222.69 227.76 53 3 3 2299
225.10 222.69 227.76 224.07 53 3 3 2300
222.69 227.76 224.07 228.24 53 3 3 2301
227.76 224.07 228.24 223.52 53 3 3 2302
224.07 228.24 223.52 227.64 53 3 3 2303
228.24 223.52 227.64 222.55 53 3 3 2304
223.52 227.64 222.55 227.73 53 3 3 2305
227.64 222.55 227.73 223.25 53 3 3 2306
222.55 227.73 223.25 229.03 53 3 3 2307
227.73 223.25 229.03 226.44 53 3 3 2308
223.25 229.03 226.44 233.09 53 3 3 2309
229.03 226.44 233.09 231.91 53 3 3 2310
226.44 233.09 231.91 239.76 53 3 3 2311
233.09 231.91 239.76 238.85 53 3 3 2312
231.91 239.76 238.85 247.49 53 3 3 2313
239.76 238.85 247.49 246.73 53 3 3 2314
238.85 247.49 246.73 255.71 53 3 3 2315
247.49 246.73 255.71 254.61 53 3 3 2316
246.73 255.71 254.61 263.52 53 3 3 2317
255.71 254.61 263.52 261.64 53 3 3 2318
254.61 263.52 261.64 270.14 53 3 3 2319
263.52 261.64 270.14 269.96 53 3 3 2320
261.64 270.14 269.96 280.26 53 3 3 2321
270.14 269.96 280.26 282.54 53 3 3 2322
269.96 280.26 282.54 295.57 53 3 3 2323
280.26 282.54 295.57 299.33 53 3 3 2324
282.54 295.57 299.33 313.18 53 3 3 2325
295.57 299.33 313.18 318.16 53 3 3 2326
299.33 313.18 318.16 332.22 53 3 3 2327
313.18 318.16 332.22 337.11 53 3 3 2328
318.16 332.22 337.11 350.72 53 3 3 2329
332.22 337.11 350.72 357.51 53 3 3 2330
337.11 350.72 357.51 375.56 53 3 3 2331
350.72 357.51 375.56 380.24 53 3 3 2332
357.51 375.56 380.24 390.39 53 3 3 2333
375.56 380.24 390.39 390.28 53 3 3 2334
380.24 390.39 390.28 399.17 53 3 3 2335
390.39 390.28 399.17 399.47 53 3 3 2336
390.28 399.17 399.47 394.14 53 3 3 2337
399.17 399.47 394.14 373.19 53 3 3 2338
399.47 394.14 373.19 354.61 53 3 3 2339
394.14 373.19 354.61 333.90 53 3 3 2340
373.19 354.61 333.90 324.13 53 3 3 2341
354.61 333.90 324.13 288.88 53 3 3 2342
333.90 324.13 288.88 269.54 53 3 3 2343
324.13 288.88 269.54 248.89 53 3 3 2344
