002.42 005.20 002.60 005.83 01 0 0 0004
005.20 002.60 005.83 003.25 01 0 0 0005
002.60 005.83 003.25 006.32 01 0 0 0006
005.83 003.25 006.32 002.84 01 0 0 0007
003.25 006.32 002.84 006.62 01 0 0 0008
006.32 002.84 006.62 004.25 01 0 0 0009
002.84 006.62 004.25 008.00 01 0 0 0010
006.62 004.25 008.00 005.98 02 2 0 0011
004.25 008.00 005.98 010.04 02 2 0 0012
008.00 005.98 010.04 009.82 02 2 2 0013
005.98 010.04 009.82 015.40 02 2 2 0014
010.04 009.82 015.40 027.86 02 2 2 0015
009.82 015.40 027.86 060.37 02 2 2 0016
015.40 027.86 060.37 128.52 03 3 2 0017
027.86 060.37 128.52 174.17 03 3 2 0018
060.37 128.52 174.17 187.44 03 3 3 0019
128.52 174.17 187.44 197.34 03 3 3 0020
174.17 187.44 197.34 217.80 03 3 3 0021
187.44 197.34 217.80 257.24 03 3 3 0022
197.34 217.80 257.24 259.82 03 3 3 0023
217.80 257.24 259.82 249.61 03 3 3 0024
257.24 259.82 249.61 243.78 03 3 3 0025
259.82 249.61 243.78 251.63 03 3 3 0026
249.61 243.78 251.63 248.48 03 3 3 0027
243.78 251.63 248.48 254.56 03 3 3 0028
251.63 248.48 254.56 254.98 03 3 3 0029
248.48 254.56 254.98 260.55 03 3 3 0030
254.56 254.98 260.55 260.01 03 3 3 0031
254.98 260.55 260.01 262.57 03 3 3 0032
260.55 260.01 262.57 260.09 03 3 3 0033
260.01 262.57 260.09 262.09 03 3 3 0034
262.57 260.09 262.09 258.17 03 3 3 0035
260.09 262.09 258.17 259.71 03 3 3 0036
262.09 258.17 259.71 257.14 03 3 3 0037
258.17 259.71 257.14 258.65 03 3 3 0038
259.71 257.14 258.65 254.34 03 3 3 0039
257.14 258.65 254.34 251.10 03 3 3 0040
258.65 254.34 251.10 243.27 03 3 3 0041
254.34 251.10 243.27 239.29 03 3 3 0042
251.10 243.27 239.29 231.03 03 3 3 0043
243.27 239.29 231.03 228.17 03 3 3 0044
239.29 231.03 228.17 221.91 03 3 3 0045
231.03 228.17 221.91 219.65 03 3 3 0046
228.17 221.91 219.65 213.23 03 3 3 0047
221.91 219.65 213.23 210.61 03 3 3 0048
219.65 213.23 210.61 203.75 03 3 3 0049
213.23 210.61 203.75 198.71 03 3 3 0050
210.61 203.75 198.71 192.30 03 3 3 0051
203.75 198.71 192.30 190.00 03 3 3 0052
198.71 192.30 190.00 185.95 03 3 3 0053
192.30 190.00 185.95 187.18 03 3 3 0054
190.00 185.95 187.18 184.68 03 3 3 0055
185.95 187.18 184.68 187.70 03 3 3 0056
187.18 184.68 187.70 189.25 03 3 3 0057
184.68 187.70 189.25 196.61 03 3 3 0058
187.70 189.25 196.61 201.79 03 3 3 0059
189.25 196.61 201.79 210.17 03 3 3 0060
196.61 201.79 210.17 215.95 03 3 3 0061
201.79 210.17 215.95 226.46 03 3 3 0062
210.17 215.95 226.46 235.75 03 3 3 0063
215.95 226.46 235.75 250.61 03 3 3 0064
226.46 235.75 250.61 265.11 03 3 3 0065
235.75 250.61 265.11 285.05 03 3 3 0066
250.61 265.11 285.05 303.29 03 3 3 0067
265.11 285.05 303.29 327.83 03 3 3 0068
285.05 303.29 327.83 350.94 03 3 3 0069
303.29 327.83 350.94 379.41 03 3 3 0070
327.83 350.94 379.41 405.16 03 3 3 0071
350.94 379.41 405.16 436.45 03 3 3 0072
379.41 405.16 436.45 463.03 03 3 3 0073
405.16 436.45 463.03 484.46 03 3 3 0074
436.45 463.03 484.46 487.78 03 3 3 0075
463.03 484.46 487.78 473.65 03 3 3 0076
484.46 487.78 473.65 444.12 03 3 3 0077
487.78 473.65 444.12 409.90 03 3 3 0078
473.65 444.12 409.90 361.63 03 3 3 0079
444.12 409.90 361.63 320.27 03 3 3 0080
409.90 361.63 320.27 268.06 03 3 3 0081
361.63 320.27 268.06 226.54 03 3 3 0082
320.27 268.06 226.54 195.00 03 3 3 0083
268.06 226.54 195.00 182.33 03 3 3 0084
226.54 195.00 182.33 165.48 03 3 3 0085
195.00 182.33 165.48 129.32 03 3 3 0086
182.33 165.48 129.32 098.70 03 3 3 0087
165.48 129.32 098.70 076.36 03 3 3 0088
129.32 098.70 076.36 058.84 03 3 3 0089
098.70 076.36 058.84 045.82 04 1 3 0090
076.36 058.84 045.82 011.74 04 1 1 0091
058.84 045.82 011.74 001.43 04 1 1 0092
045.82 011.74 001.43 003.23 04 1 1 0093
011.74 001.43 003.23 003.85 04 1 1 0094
001.43 003.23 003.85 004.42 04 1 1 0095
003.23 003.85 004.42 005.40 05 0 0 0096
003.85 004.42 005.40 005.44 05 0 0 0097
004.42 005.40 005.44 006.22 05 0 0 0098
005.40 005.44 006.22 005.54 05 0 0 0099
005.44 006.22 005.54 006.24 05 0 0 0100
006.22 005.54 006.24 005.43 05 0 0 0101
005.54 006.24 005.43 005.80 05 0 0 0102
006.24 005.43 005.80 005.05 05 0 0 0103
005.43 005.80 005.05 005.84 05 0 0 0104
005.80 005.05 005.84 005.04 05 0 0 0105
005.05 005.84 005.04 005.91 05 0 0 0106
005.84 005.04 005.91 005.66 05 0 0 0107
005.04 005.91 005.66 006.02 05 0 0 0108
005.91 005.66 006.02 006.08 05 0 0 0109
005.66 006.02 006.08 005.90 05 0 0 0110
006.02 006.08 005.90 005.44 05 0 0 0111
006.08 005.90 005.44 006.53 05 0 0 0112
005.90 005.44 006.53 005.76 05 0 0 0113
005.44 006.53 005.76 006.15 05 0 0 0114
006.53 005.76 006.15 005.51 05 0 0 0115
005.76 006.15 005.51 005.78 05 0 0 0116
006.15 005.51 005.78 005.35 05 0 0 0117
005.51 005.78 005.35 005.48 05 0 0 0118
005.78 005.35 005.48 005.37 05 0 0 0119
005.35 005.48 005.37 005.48 05 0 0 0120
005.48 005.37 005.48 005.61 05 0 0 0121
005.37 005.48 005.61 005.35 05 0 0 0122
005.48 005.61 005.35 005.43 05 0 0 0123
005.61 005.35 005.43 005.47 05 0 0 0124
005.35 005.43 005.47 005.56 05 0 0 0125
005.43 005.47 005.56 005.98 06 2 0 0126
005.47 005.56 005.98 007.92 06 2 0 0127
005.56 005.98 007.92 011.08 06 2 2 0128
005.98 007.92 011.08 017.15 06 2 2 0129
007.92 011.08 017.15 040.90 06 2 2 0130
011.08 017.15 040.90 097.94 06 2 2 0131
017.15 040.90 097.94 165.14 07 3 2 0132
040.90 097.94 165.14 230.42 07 3 2 0133
097.94 165.14 230.42 268.56 07 3 3 0134
165.14 230.42 268.56 288.68 07 3 3 0135
230.42 268.56 288.68 299.91 07 3 3 0136
268.56 288.68 299.91 299.14 07 3 3 0137
288.68 299.91 299.14 273.27 07 3 3 0138
299.91 299.14 273.27 253.60 07 3 3 0139
299.14 273.27 253.60 246.72 07 3 3 0140
273.27 253.60 246.72 247.05 07 3 3 0141
253.60 246.72 247.05 248.94 07 3 3 0142
246.72 247.05 248.94 257.88 07 3 3 0143
247.05 248.94 257.88 266.08 07 3 3 0144
248.94 257.88 266.08 272.19 07 3 3 0145
257.88 266.08 272.19 274.78 07 3 3 0146
266.08 272.19 274.78 276.36 07 3 3 0147
272.19 274.78 276.36 276.60 07 3 3 0148
274.78 276.36 276.60 277.23 07 3 3 0149
276.36 276.60 277.23 275.70 07 3 3 0150
276.60 277.23 275.70 271.95 07 3 3 0151
277.23 275.70 271.95 265.66 07 3 3 0152
275.70 271.95 265.66 259.52 07 3 3 0153
271.95 265.66 259.52 251.44 07 3 3 0154
265.66 259.52 251.44 242.60 07 3 3 0155
259.52 251.44 242.60 234.45 07 3 3 0156
251.44 242.60 234.45 226.94 07 3 3 0157
242.60 234.45 226.94 217.72 07 3 3 0158
234.45 226.94 217.72 209.56 07 3 3 0159
226.94 217.72 209.56 199.98 07 3 3 0160
217.72 209.56 199.98 193.71 07 3 3 0161
209.56 199.98 193.71 186.03 07 3 3 0162
199.98 193.71 186.03 181.34 07 3 3 0163
193.71 186.03 181.34 176.30 07 3 3 0164
186.03 181.34 176.30 176.21 07 3 3 0165
181.34 176.30 176.21 177.10 07 3 3 0166
176.30 176.21 177.10 181.45 07 3 3 0167
176.21 177.10 181.45 183.81 07 3 3 0168
177.10 181.45 183.81 191.91 07 3 3 0169
181.45 183.81 191.91 201.74 07 3 3 0170
183.81 191.91 201.74 215.57 07 3 3 0171
191.91 201.74 215.57 228.54 07 3 3 0172
201.74 215.57 228.54 243.97 07 3 3 0173
215.57 228.54 243.97 259.24 07 3 3 0174
228.54 243.97 259.24 279.16 07 3 3 0175
243.97 259.24 279.16 296.90 07 3 3 0176
259.24 279.16 296.90 318.29 07 3 3 0177
279.16 296.90 318.29 338.68 07 3 3 0178
296.90 318.29 338.68 366.17 07 3 3 0179
318.29 338.68 366.17 389.67 07 3 3 0180
338.68 366.17 389.67 415.03 07 3 3 0181
366.17 389.67 415.03 437.47 07 3 3 0182
389.67 415.03 437.47 457.14 07 3 3 0183
415.03 437.47 457.14 471.77 07 3 3 0184
437.47 457.14 471.77 488.51 07 3 3 0185
457.14 471.77 488.51 499.07 07 3 3 0186
471.77 488.51 499.07 489.60 07 3 3 0187
488.51 499.07 489.60 464.73 07 3 3 0188
499.07 489.60 464.73 445.26 07 3 3 0189
489.60 464.73 445.26 389.66 07 3 3 0190
464.73 445.26 389.66 350.82 07 3 3 0191
445.26 389.66 350.82 299.95 07 3 3 0192
389.66 350.82 299.95 245.43 07 3 3 0193
350.82 299.95 245.43 194.86 07 3 3 0194
299.95 245.43 194.86 167.53 07 3 3 0195
245.43 194.86 167.53 151.59 07 3 3 0196
194.86 167.53 151.59 131.59 07 3 3 0197
167.53 151.59 131.59 096.13 07 3 3 0198
151.59 131.59 096.13 073.41 07 3 3 0199
131.59 096.13 073.41 055.23 07 3 3 0200
096.13 073.41 055.23 043.94 08 1 3 0201
073.41 055.23 043.94 008.97 08 1 1 0202
055.23 043.94 008.97 003.87 08 1 1 0203
043.94 008.97 003.87 002.86 08 1 1 0204
008.97 003.87 002.86 005.80 08 1 1 0205
003.87 002.86 005.80 004.27 08 1 1 0206
002.86 005.80 004.27 007.53 09 0 0 0207
005.80 004.27 007.53 005.69 09 0 0 0208
004.27 007.53 005.69 007.83 09 0 0 0209
007.53 005.69 007.83 005.47 09 0 0 0210
005.69 007.83 005.47 007.72 09 0 0 0211
007.83 005.47 007.72 005.73 09 0 0 0212
005.47 007.72 005.73 007.49 09 0 0 0213
007.72 005.73 007.49 005.68 09 0 0 0214
005.73 007.49 005.68 007.50 09 0 0 0215
007.49 005.68 007.50 005.34 09 0 0 0216
005.68 007.50 005.34 007.44 09 0 0 0217
007.50 005.34 007.44 005.00 09 0 0 0218
005.34 007.44 005.00 007.30 09 0 0 0219
007.44 005.00 007.30 004.73 09 0 0 0220
005.00 007.30 004.73 007.10 09 0 0 0221
007.30 004.73 007.10 004.58 09 0 0 0222
004.73 007.10 004.58 007.38 09 0 0 0223
007.10 004.58 007.38 004.97 09 0 0 0224
004.58 007.38 004.97 007.14 09 0 0 0225
007.38 004.97 007.14 004.88 09 0 0 0226
004.97 007.14 004.88 007.08 09 0 0 0227
007.14 004.88 007.08 004.87 09 0 0 0228
004.88 007.08 004.87 006.57 09 0 0 0229
007.08 004.87 006.57 004.30 09 0 0 0230
004.87 006.57 004.30 006.56 09 0 0 0231
006.57 004.30 006.56 004.21 09 0 0 0232
004.30 006.56 004.21 006.91 09 0 0 0233
006.56 004.21 006.91 003.67 09 0 0 0234
004.21 006.91 003.67 006.68 09 0 0 0235
006.91 003.67 006.68 003.84 09 0 0 0236
003.67 006.68 003.84 007.30 09 0 0 0237
006.68 003.84 007.30 004.35 09 0 0 0238
003.84 007.30 004.35 008.01 09 0 0 0239
007.30 004.35 008.01 005.54 09 0 0 0240
004.35 008.01 005.54 010.09 10 2 0 0241
008.01 005.54 010.09 010.05 10 2 0 0242
005.54 010.09 010.05 014.80 10 2 2 0243
010.09 010.05 014.80 014.02 10 2 2 0244
010.05 014.80 014.02 032.80 10 2 2 0245
014.80 014.02 032.80 064.32 10 2 2 0246
014.02 032.80 064.32 155.65 11 3 2 0247
032.80 064.32 155.65 234.38 11 3 2 0248
064.32 155.65 234.38 270.87 11 3 3 0249
155.65 234.38 270.87 283.04 11 3 3 0250
234.38 270.87 283.04 332.03 11 3 3 0251
270.87 283.04 332.03 332.77 11 3 3 0252
283.04 332.03 332.77 310.24 11 3 3 0253
332.03 332.77 310.24 279.08 11 3 3 0254
332.77 310.24 279.08 265.14 11 3 3 0255
310.24 279.08 265.14 255.77 11 3 3 0256
279.08 265.14 255.77 254.99 11 3 3 0257
265.14 255.77 254.99 250.46 11 3 3 0258
255.77 254.99 250.46 253.15 11 3 3 0259
254.99 250.46 253.15 250.03 11 3 3 0260
250.46 253.15 250.03 253.78 11 3 3 0261
253.15 250.03 253.78 251.28 11 3 3 0262
250.03 253.78 251.28 254.20 11 3 3 0263
253.78 251.28 254.20 251.40 11 3 3 0264
251.28 254.20 251.40 252.30 11 3 3 0265
254.20 251.40 252.30 246.48 11 3 3 0266
251.40 252.30 246.48 244.52 11 3 3 0267
252.30 246.48 244.52 234.77 11 3 3 0268
246.48 244.52 234.77 230.29 11 3 3 0269
244.52 234.77 230.29 222.17 11 3 3 0270
234.77 230.29 222.17 218.86 11 3 3 0271
230.29 222.17 218.86 209.91 11 3 3 0272
222.17 218.86 209.91 205.50 11 3 3 0273
218.86 209.91 205.50 195.87 11 3 3 0274
209.91 205.50 195.87 194.53 11 3 3 0275
205.50 195.87 194.53 189.63 11 3 3 0276
195.87 194.53 189.63 193.03 11 3 3 0277
194.53 189.63 193.03 194.19 11 3 3 0278
189.63 193.03 194.19 202.09 11 3 3 0279
193.03 194.19 202.09 204.70 11 3 3 0280
194.19 202.09 204.70 212.30 11 3 3 0281
202.09 204.70 212.30 213.83 11 3 3 0282
204.70 212.30 213.83 220.20 11 3 3 0283
212.30 213.83 220.20 221.05 11 3 3 0284
213.83 220.20 221.05 228.88 11 3 3 0285
220.20 221.05 228.88 232.32 11 3 3 0286
221.05 228.88 232.32 244.18 11 3 3 0287
228.88 232.32 244.18 250.51 11 3 3 0288
232.32 244.18 250.51 266.55 11 3 3 0289
244.18 250.51 266.55 279.23 11 3 3 0290
250.51 266.55 279.23 297.38 11 3 3 0291
266.55 279.23 297.38 308.71 11 3 3 0292
279.23 297.38 308.71 330.66 11 3 3 0293
297.38 308.71 330.66 346.76 11 3 3 0294
308.71 330.66 346.76 369.36 11 3 3 0295
330.66 346.76 369.36 381.73 11 3 3 0296
346.76 369.36 381.73 401.65 11 3 3 0297
369.36 381.73 401.65 415.47 11 3 3 0298
381.73 401.65 415.47 433.35 11 3 3 0299
401.65 415.47 433.35 442.93 11 3 3 0300
415.47 433.35 442.93 463.20 11 3 3 0301
433.35 442.93 463.20 460.33 11 3 3 0302
442.93 463.20 460.33 434.65 11 3 3 0303
463.20 460.33 434.65 417.59 11 3 3 0304
460.33 434.65 417.59 405.46 11 3 3 0305
434.65 417.59 405.46 345.02 11 3 3 0306
417.59 405.46 345.02 289.54 11 3 3 0307
405.46 345.02 289.54 245.68 11 3 3 0308
345.02 289.54 245.68 204.78 11 3 3 0309
289.54 245.68 204.78 156.16 11 3 3 0310
245.68 204.78 156.16 131.01 11 3 3 0311
204.78 156.16 131.01 105.14 11 3 3 0312
156.16 131.01 105.14 071.94 11 3 3 0313
131.01 105.14 071.94 042.86 12 1 3 0314
105.14 071.94 042.86 028.55 12 1 1 0315
071.94 042.86 028.55 014.77 12 1 1 0316
042.86 028.55 014.77 013.43 12 1 1 0317
028.55 014.77 013.43 001.37 12 1 1 0318
014.77 013.43 001.37 -00.18 12 1 1 0319
013.43 001.37 -00.18 -02.07 13 0 0 0320
001.37 -00.18 -02.07 001.87 13 0 0 0321
-00.18 -02.07 001.87 -00.03 13 0 0 0322
-02.07 001.87 -00.03 002.55 13 0 0 0323
001.87 -00.03 002.55 000.93 13 0 0 0324
-00.03 002.55 000.93 003.00 13 0 0 0325
002.55 000.93 003.00 000.89 13 0 0 0326
000.93 003.00 000.89 002.85 13 0 0 0327
003.00 000.89 002.85 000.52 13 0 0 0328
000.89 002.85 000.52 002.64 13 0 0 0329
002.85 000.52 002.64 000.53 13 0 0 0330
000.52 002.64 000.53 002.52 13 0 0 0331
002.64 000.53 002.52 000.60 13 0 0 0332
000.53 002.52 000.60 002.27 13 0 0 0333
002.52 000.60 002.27 000.14 13 0 0 0334
000.60 002.27 000.14 001.81 13 0 0 0335
002.27 000.14 001.81 -00.36 13 0 0 0336
000.14 001.81 -00.36 002.01 13 0 0 0337
001.81 -00.36 002.01 -00.47 13 0 0 0338
-00.36 002.01 -00.47 001.68 13 0 0 0339
002.01 -00.47 001.68 -00.06 13 0 0 0340
-00.47 001.68 -00.06 001.72 13 0 0 0341
001.68 -00.06 001.72 000.07 13 0 0 0342
-00.06 001.72 000.07 002.10 13 0 0 0343
001.72 000.07 002.10 000.13 13 0 0 0344
000.07 002.10 000.13 002.00 13 0 0 0345
002.10 000.13 002.00 000.13 13 0 0 0346
000.13 002.00 000.13 003.20 13 0 0 0347
002.00 000.13 003.20 000.57 13 0 0 0348
000.13 003.20 000.57 002.77 13 0 0 0349
003.20 000.57 002.77 000.45 13 0 0 0350
000.57 002.77 000.45 002.70 13 0 0 0351
002.77 000.45 002.70 000.84 13 0 0 0352
000.45 002.70 000.84 002.63 13 0 0 0353
002.70 000.84 002.63 000.66 13 0 0 0354
000.84 002.63 000.66 003.21 13 0 0 0355
002.63 000.66 003.21 003.43 14 2 0 0356
000.66 003.21 003.43 008.78 14 2 0 0357
003.21 003.43 008.78 008.45 14 2 2 0358
003.43 008.78 008.45 016.16 14 2 2 0359
008.78 008.45 016.16 025.59 14 2 2 0360
008.45 016.16 025.59 049.41 14 2 2 0361
016.16 025.59 049.41 075.50 15 3 2 0362
025.59 049.41 075.50 127.49 15 3 2 0363
049.41 075.50 127.49 149.81 15 3 3 0364
075.50 127.49 149.81 175.47 15 3 3 0365
127.49 149.81 175.47 204.09 15 3 3 0366
149.81 175.47 204.09 210.88 15 3 3 0367
175.47 204.09 210.88 201.20 15 3 3 0368
204.09 210.88 201.20 209.69 15 3 3 0369
210.88 201.20 209.69 203.11 15 3 3 0370
201.20 209.69 203.11 207.20 15 3 3 0371
209.69 203.11 207.20 212.54 15 3 3 0372
203.11 207.20 212.54 224.75 15 3 3 0373
207.20 212.54 224.75 233.83 15 3 3 0374
212.54 224.75 233.83 246.54 15 3 3 0375
224.75 233.83 246.54 250.38 15 3 3 0376
233.83 246.54 250.38 253.39 15 3 3 0377
246.54 250.38 253.39 251.70 15 3 3 0378
250.38 253.39 251.70 252.62 15 3 3 0379
253.39 251.70 252.62 250.09 15 3 3 0380
251.70 252.62 250.09 251.24 15 3 3 0381
252.62 250.09 251.24 248.63 15 3 3 0382
250.09 251.24 248.63 250.07 15 3 3 0383
251.24 248.63 250.07 248.15 15 3 3 0384
248.63 250.07 248.15 246.06 15 3 3 0385
250.07 248.15 246.06 238.77 15 3 3 0386
248.15 246.06 238.77 233.55 15 3 3 0387
246.06 238.77 233.55 225.15 15 3 3 0388
238.77 233.55 225.15 221.52 15 3 3 0389
233.55 225.15 221.52 215.61 15 3 3 0390
225.15 221.52 215.61 212.49 15 3 3 0391
221.52 215.61 212.49 205.67 15 3 3 0392
215.61 212.49 205.67 202.13 15 3 3 0393
212.49 205.67 202.13 198.44 15 3 3 0394
205.67 202.13 198.44 197.90 15 3 3 0395
202.13 198.44 197.90 196.92 15 3 3 0396
198.44 197.90 196.92 200.03 15 3 3 0397
197.90 196.92 200.03 201.84 15 3 3 0398
196.92 200.03 201.84 209.56 15 3 3 0399
200.03 201.84 209.56 214.28 15 3 3 0400
201.84 209.56 214.28 223.10 15 3 3 0401
209.56 214.28 223.10 229.42 15 3 3 0402
214.28 223.10 229.42 239.20 15 3 3 0403
223.10 229.42 239.20 246.94 15 3 3 0404
229.42 239.20 246.94 259.20 15 3 3 0405
239.20 246.94 259.20 269.57 15 3 3 0406
246.94 259.20 269.57 283.94 15 3 3 0407
259.20 269.57 283.94 296.85 15 3 3 0408
269.57 283.94 296.85 313.97 15 3 3 0409
283.94 296.85 313.97 331.41 15 3 3 0410
296.85 313.97 331.41 351.77 15 3 3 0411
313.97 331.41 351.77 368.40 15 3 3 0412
331.41 351.77 368.40 387.45 15 3 3 0413
351.77 368.40 387.45 411.82 15 3 3 0414
368.40 387.45 411.82 442.10 15 3 3 0415
387.45 411.82 442.10 468.91 15 3 3 0416
411.82 442.10 468.91 495.39 15 3 3 0417
442.10 468.91 495.39 512.02 15 3 3 0418
468.91 495.39 512.02 502.20 15 3 3 0419
495.39 512.02 502.20 475.11 15 3 3 0420
512.02 502.20 475.11 454.33 15 3 3 0421
502.20 475.11 454.33 402.35 15 3 3 0422
475.11 454.33 402.35 364.08 15 3 3 0423
454.33 402.35 364.08 302.99 15 3 3 0424
402.35 364.08 302.99 249.14 15 3 3 0425
364.08 302.99 249.14 209.93 15 3 3 0426
302.99 249.14 209.93 187.88 15 3 3 0427
249.14 209.93 187.88 172.64 15 3 3 0428
209.93 187.88 172.64 130.74 15 3 3 0429
187.88 172.64 130.74 098.43 15 3 3 0430
172.64 130.74 098.43 075.86 15 3 3 0431
130.74 098.43 075.86 062.14 15 3 3 0432
098.43 075.86 062.14 047.76 15 3 3 0433
075.86 062.14 047.76 012.71 16 1 3 0434
062.14 047.76 012.71 008.28 16 1 1 0435
047.76 012.71 008.28 010.47 16 1 1 0436
012.71 008.28 010.47 010.24 16 1 1 0437
008.28 010.47 010.24 011.25 16 1 1 0438
010.47 010.24 011.25 011.31 16 1 1 0439
010.24 011.25 011.31 012.24 17 0 0 0440
011.25 011.31 012.24 012.04 17 0 0 0441
011.31 012.24 012.04 012.73 17 0 0 0442
012.24 012.04 012.73 011.34 17 0 0 0443
012.04 012.73 011.34 011.66 17 0 0 0444
012.73 011.34 011.66 011.38 17 0 0 0445
011.34 011.66 011.38 010.95 17 0 0 0446
011.66 011.38 010.95 010.83 17 0 0 0447
011.38 010.95 010.83 011.00 17 0 0 0448
010.95 010.83 011.00 010.96 17 0 0 0449
010.83 011.00 010.96 010.94 17 0 0 0450
011.00 010.96 010.94 010.67 17 0 0 0451
010.96 010.94 010.67 010.94 17 0 0 0452
010.94 010.67 010.94 010.74 17 0 0 0453
010.67 010.94 010.74 011.41 17 0 0 0454
010.94 010.74 011.41 010.33 17 0 0 0455
010.74 011.41 010.33 011.10 17 0 0 0456
011.41 010.33 011.10 010.53 17 0 0 0457
010.33 011.10 010.53 011.61 17 0 0 0458
011.10 010.53 011.61 010.58 17 0 0 0459
010.53 011.61 010.58 011.19 17 0 0 0460
011.61 010.58 011.19 010.33 17 0 0 0461
010.58 011.19 010.33 011.51 17 0 0 0462
011.19 010.33 011.51 010.58 17 0 0 0463
010.33 011.51 010.58 011.77 17 0 0 0464
011.51 010.58 011.77 011.34 17 0 0 0465
010.58 011.77 011.34 013.11 17 0 0 0466
011.77 011.34 013.11 012.32 17 0 0 0467
011.34 013.11 012.32 013.81 17 0 0 0468
013.11 012.32 013.81 012.68 17 0 0 0469
012.32 013.81 012.68 013.63 17 0 0 0470
013.81 012.68 013.63 013.24 17 0 0 0471
012.68 013.63 013.24 015.99 17 0 0 0472
013.63 013.24 015.99 015.19 17 0 0 0473
013.24 015.99 015.19 016.72 18 2 0 0474
015.99 015.19 016.72 015.43 18 2 0 0475
015.19 016.72 015.43 019.26 18 2 2 0476
016.72 015.43 019.26 023.40 18 2 2 0477
015.43 019.26 023.40 042.48 18 2 2 0478
019.26 023.40 042.48 111.27 18 2 2 0479
023.40 042.48 111.27 176.84 19 3 2 0480
042.48 111.27 176.84 201.28 19 3 2 0481
111.27 176.84 201.28 208.03 19 3 3 0482
176.84 201.28 208.03 224.76 19 3 3 0483
201.28 208.03 224.76 258.26 19 3 3 0484
208.03 224.76 258.26 281.83 19 3 3 0485
224.76 258.26 281.83 272.06 19 3 3 0486
258.26 281.83 272.06 255.11 19 3 3 0487
281.83 272.06 255.11 258.82 19 3 3 0488
272.06 255.11 258.82 259.23 19 3 3 0489
255.11 258.82 259.23 269.88 19 3 3 0490
258.82 259.23 269.88 275.67 19 3 3 0491
259.23 269.88 275.67 284.38 19 3 3 0492
269.88 275.67 284.38 286.48 19 3 3 0493
275.67 284.38 286.48 291.84 19 3 3 0494
284.38 286.48 291.84 294.20 19 3 3 0495
286.48 291.84 294.20 298.51 19 3 3 0496
291.84 294.20 298.51 294.43 19 3 3 0497
294.20 298.51 294.43 290.12 19 3 3 0498
298.51 294.43 290.12 279.38 19 3 3 0499
294.43 290.12 279.38 271.86 19 3 3 0500
290.12 279.38 271.86 260.34 19 3 3 0501
279.38 271.86 260.34 251.89 19 3 3 0502
271.86 260.34 251.89 241.32 19 3 3 0503
260.34 251.89 241.32 236.08 19 3 3 0504
251.89 241.32 236.08 228.20 19 3 3 0505
241.32 236.08 228.20 225.35 19 3 3 0506
236.08 228.20 225.35 220.52 19 3 3 0507
228.20 225.35 220.52 219.38 19 3 3 0508
225.35 220.52 219.38 215.29 19 3 3 0509
220.52 219.38 215.29 216.47 19 3 3 0510
219.38 215.29 216.47 217.59 19 3 3 0511
215.29 216.47 217.59 223.35 19 3 3 0512
216.47 217.59 223.35 225.54 19 3 3 0513
217.59 223.35 225.54 230.03 19 3 3 0514
223.35 225.54 230.03 229.54 19 3 3 0515
225.54 230.03 229.54 232.39 19 3 3 0516
230.03 229.54 232.39 231.98 19 3 3 0517
229.54 232.39 231.98 235.32 19 3 3 0518
232.39 231.98 235.32 235.30 19 3 3 0519
231.98 235.32 235.30 240.34 19 3 3 0520
235.32 235.30 240.34 241.35 19 3 3 0521
235.30 240.34 241.35 250.03 19 3 3 0522
240.34 241.35 250.03 257.17 19 3 3 0523
241.35 250.03 257.17 271.42 19 3 3 0524
250.03 257.17 271.42 281.56 19 3 3 0525
257.17 271.42 281.56 298.17 19 3 3 0526
271.42 281.56 298.17 313.11 19 3 3 0527
281.56 298.17 313.11 337.96 19 3 3 0528
298.17 313.11 337.96 360.59 19 3 3 0529
313.11 337.96 360.59 396.48 19 3 3 0530
337.96 360.59 396.48 436.37 19 3 3 0531
360.59 396.48 436.37 481.22 19 3 3 0532
396.48 436.37 481.22 507.49 19 3 3 0533
436.37 481.22 507.49 508.59 19 3 3 0534
481.22 507.49 508.59 496.31 19 3 3 0535
507.49 508.59 496.31 486.29 19 3 3 0536
508.59 496.31 486.29 486.85 19 3 3 0537
496.31 486.29 486.85 458.59 19 3 3 0538
486.29 486.85 458.59 411.94 19 3 3 0539
486.85 458.59 411.94 386.07 19 3 3 0540
458.59 411.94 386.07 344.67 19 3 3 0541
411.94 386.07 344.67 294.97 19 3 3 0542
386.07 344.67 294.97 245.97 19 3 3 0543
344.67 294.97 245.97 222.39 19 3 3 0544
294.97 245.97 222.39 202.63 19 3 3 0545
245.97 222.39 202.63 195.98 19 3 3 0546
222.39 202.63 195.98 172.35 19 3 3 0547
202.63 195.98 172.35 136.45 19 3 3 0548
195.98 172.35 136.45 102.69 19 3 3 0549
172.35 136.45 102.69 082.78 19 3 3 0550
136.45 102.69 082.78 065.63 19 3 3 0551
102.69 082.78 065.63 033.65 20 1 3 0552
082.78 065.63 033.65 005.39 20 1 1 0553
065.63 033.65 005.39 011.11 20 1 1 0554
033.65 005.39 011.11 008.10 20 1 1 0555
005.39 011.11 008.10 011.93 20 1 1 0556
011.11 008.10 011.93 009.58 20 1 1 0557
008.10 011.93 009.58 013.26 21 0 0 0558
011.93 009.58 013.26 010.64 21 0 0 0559
009.58 013.26 010.64 013.43 21 0 0 0560
013.26 010.64 013.43 010.32 21 0 0 0561
010.64 013.43 010.32 013.24 21 0 0 0562
013.43 010.32 013.24 010.14 21 0 0 0563
010.32 013.24 010.14 013.28 21 0 0 0564
013.24 010.14 013.28 010.34 21 0 0 0565
010.14 013.28 010.34 013.71 21 0 0 0566
013.28 010.34 013.71 010.39 21 0 0 0567
010.34 013.71 010.39 013.64 21 0 0 0568
013.71 010.39 013.64 009.94 21 0 0 0569
010.39 013.64 009.94 013.57 21 0 0 0570
013.64 009.94 013.57 010.04 21 0 0 0571
009.94 013.57 010.04 013.15 21 0 0 0572
013.57 010.04 013.15 009.98 21 0 0 0573
010.04 013.15 009.98 012.88 21 0 0 0574
013.15 009.98 012.88 009.77 21 0 0 0575
009.98 012.88 009.77 012.87 21 0 0 0576
012.88 009.77 012.87 009.75 21 0 0 0577
009.77 012.87 009.75 012.39 21 0 0 0578
012.87 009.75 012.39 008.78 21 0 0 0579
009.75 012.39 008.78 012.22 21 0 0 0580
012.39 008.78 012.22 009.09 21 0 0 0581
008.78 012.22 009.09 012.80 21 0 0 0582
012.22 009.09 012.80 009.69 21 0 0 0583
009.09 012.80 009.69 013.19 21 0 0 0584
012.80 009.69 013.19 010.09 21 0 0 0585
009.69 013.19 010.09 014.12 21 0 0 0586
013.19 010.09 014.12 011.06 21 0 0 0587
010.09 014.12 011.06 014.40 21 0 0 0588
014.12 011.06 014.40 011.39 21 0 0 0589
011.06 014.40 011.39 014.96 21 0 0 0590
014.40 011.39 014.96 012.28 21 0 0 0591
011.39 014.96 012.28 016.34 21 0 0 0592
014.96 012.28 016.34 013.34 21 0 0 0593
012.28 016.34 013.34 017.48 22 2 0 0594
016.34 013.34 017.48 013.69 22 2 0 0595
013.34 017.48 013.69 021.01 22 2 2 0596
017.48 013.69 021.01 019.00 22 2 2 0597
013.69 021.01 019.00 031.98 22 2 2 0598
021.01 019.00 031.98 068.52 22 2 2 0599
019.00 031.98 068.52 095.70 23 3 2 0600
031.98 068.52 095.70 115.11 23 3 2 0601
068.52 095.70 115.11 143.21 23 3 3 0602
095.70 115.11 143.21 173.16 23 3 3 0603
115.11 143.21 173.16 223.13 23 3 3 0604
143.21 173.16 223.13 228.04 23 3 3 0605
173.16 223.13 228.04 232.38 23 3 3 0606
223.13 228.04 232.38 225.98 23 3 3 0607
228.04 232.38 225.98 226.82 23 3 3 0608
232.38 225.98 226.82 223.42 23 3 3 0609
225.98 226.82 223.42 229.73 23 3 3 0610
226.82 223.42 229.73 234.66 23 3 3 0611
223.42 229.73 234.66 249.87 23 3 3 0612
229.73 234.66 249.87 254.83 23 3 3 0613
234.66 249.87 254.83 265.05 23 3 3 0614
249.87 254.83 265.05 266.93 23 3 3 0615
254.83 265.05 266.93 272.35 23 3 3 0616
265.05 266.93 272.35 270.30 23 3 3 0617
266.93 272.35 270.30 273.67 23 3 3 0618
272.35 270.30 273.67 270.30 23 3 3 0619
270.30 273.67 270.30 273.07 23 3 3 0620
273.67 270.30 273.07 267.55 23 3 3 0621
270.30 273.07 267.55 264.82 23 3 3 0622
273.07 267.55 264.82 254.23 23 3 3 0623
267.55 264.82 254.23 249.58 23 3 3 0624
264.82 254.23 249.58 240.78 23 3 3 0625
254.23 249.58 240.78 237.81 23 3 3 0626
249.58 240.78 237.81 229.78 23 3 3 0627
240.78 237.81 229.78 229.07 23 3 3 0628
237.81 229.78 229.07 224.23 23 3 3 0629
229.78 229.07 224.23 226.63 23 3 3 0630
229.07 224.23 226.63 222.64 23 3 3 0631
224.23 226.63 222.64 224.70 23 3 3 0632
226.63 222.64 224.70 222.50 23 3 3 0633
222.64 224.70 222.50 225.17 23 3 3 0634
224.70 222.50 225.17 222.60 23 3 3 0635
222.50 225.17 222.60 225.88 23 3 3 0636
225.17 222.60 225.88 222.08 23 3 3 0637
222.60 225.88 222.08 224.73 23 3 3 0638
225.88 222.08 224.73 224.03 23 3 3 0639
222.08 224.73 224.03 231.02 23 3 3 0640
224.73 224.03 231.02 234.81 23 3 3 0641
224.03 231.02 234.81 246.02 23 3 3 0642
231.02 234.81 246.02 254.44 23 3 3 0643
234.81 246.02 254.44 268.03 23 3 3 0644
246.02 254.44 268.03 277.50 23 3 3 0645
254.44 268.03 277.50 297.50 23 3 3 0646
268.03 277.50 297.50 313.87 23 3 3 0647
277.50 297.50 313.87 342.49 23 3 3 0648
297.50 313.87 342.49 369.22 23 3 3 0649
313.87 342.49 369.22 406.13 23 3 3 0650
342.49 369.22 406.13 441.87 23 3 3 0651
369.22 406.13 441.87 475.55 23 3 3 0652
406.13 441.87 475.55 483.03 23 3 3 0653
441.87 475.55 483.03 490.89 23 3 3 0654
475.55 483.03 490.89 492.46 23 3 3 0655
483.03 490.89 492.46 497.44 23 3 3 0656
490.89 492.46 497.44 489.46 23 3 3 0657
492.46 497.44 489.46 483.58 23 3 3 0658
497.44 489.46 483.58 460.86 23 3 3 0659
489.46 483.58 460.86 411.25 23 3 3 0660
483.58 460.86 411.25 352.47 23 3 3 0661
460.86 411.25 352.47 323.80 23 3 3 0662
411.25 352.47 323.80 270.38 23 3 3 0663
352.47 323.80 270.38 229.38 23 3 3 0664
323.80 270.38 229.38 200.49 23 3 3 0665
270.38 229.38 200.49 188.32 23 3 3 0666
229.38 200.49 188.32 177.55 23 3 3 0667
200.49 188.32 177.55 168.44 23 3 3 0668
188.32 177.55 168.44 143.20 23 3 3 0669
177.55 168.44 143.20 115.32 23 3 3 0670
168.44 143.20 115.32 092.29 23 3 3 0671
143.20 115.32 092.29 076.24 23 3 3 0672
115.32 092.29 076.24 030.67 24 1 3 0673
092.29 076.24 030.67 010.55 24 1 1 0674
076.24 030.67 010.55 011.01 24 1 1 0675
030.67 010.55 011.01 012.69 24 1 1 0676
010.55 011.01 012.69 011.65 24 1 1 0677
011.01 012.69 011.65 014.21 24 1 1 0678
012.69 011.65 014.21 013.31 25 0 0 0679
011.65 014.21 013.31 015.09 25 0 0 0680
014.21 013.31 015.09 013.49 25 0 0 0681
013.31 015.09 013.49 014.78 25 0 0 0682
015.09 013.49 014.78 013.56 25 0 0 0683
013.49 014.78 013.56 014.19 25 0 0 0684
014.78 013.56 014.19 013.08 25 0 0 0685
013.56 014.19 013.08 014.50 25 0 0 0686
014.19 013.08 014.50 013.05 25 0 0 0687
013.08 014.50 013.05 014.29 25 0 0 0688
014.50 013.05 014.29 013.45 25 0 0 0689
013.05 014.29 013.45 014.43 25 0 0 0690
014.29 013.45 014.43 013.27 25 0 0 0691
013.45 014.43 013.27 013.96 25 0 0 0692
014.43 013.27 013.96 013.25 25 0 0 0693
013.27 013.96 013.25 013.96 25 0 0 0694
013.96 013.25 013.96 013.04 25 0 0 0695
013.25 013.96 013.04 014.12 25 0 0 0696
013.96 013.04 014.12 013.02 25 0 0 0697
013.04 014.12 013.02 014.27 25 0 0 0698
014.12 013.02 014.27 013.12 25 0 0 0699
013.02 014.27 013.12 013.88 25 0 0 0700
014.27 013.12 013.88 013.07 25 0 0 0701
013.12 013.88 013.07 014.31 25 0 0 0702
013.88 013.07 014.31 013.10 25 0 0 0703
013.07 014.31 013.10 014.36 25 0 0 0704
014.31 013.10 014.36 013.11 25 0 0 0705
013.10 014.36 013.11 014.43 25 0 0 0706
014.36 013.11 014.43 013.78 25 0 0 0707
013.11 014.43 013.78 014.69 25 0 0 0708
014.43 013.78 014.69 014.19 25 0 0 0709
013.78 014.69 014.19 015.38 25 0 0 0710
014.69 014.19 015.38 015.57 25 0 0 0711
014.19 015.38 015.57 017.03 25 0 0 0712
015.38 015.57 017.03 016.71 25 0 0 0713
015.57 017.03 016.71 017.24 25 0 0 0714
017.03 016.71 017.24 016.71 26 2 0 0715
016.71 017.24 016.71 017.08 26 2 0 0716
017.24 016.71 017.08 020.32 26 2 2 0717
016.71 017.08 020.32 021.41 26 2 2 0718
017.08 020.32 021.41 036.38 26 2 2 0719
020.32 021.41 036.38 074.08 26 2 2 0720
021.41 036.38 074.08 134.75 27 3 2 0721
036.38 074.08 134.75 172.14 27 3 2 0722
074.08 134.75 172.14 181.05 27 3 3 0723
134.75 172.14 181.05 185.07 27 3 3 0724
172.14 181.05 185.07 200.07 27 3 3 0725
181.05 185.07 200.07 228.20 27 3 3 0726
185.07 200.07 228.20 233.02 27 3 3 0727
200.07 228.20 233.02 216.45 27 3 3 0728
228.20 233.02 216.45 209.83 27 3 3 0729
233.02 216.45 209.83 220.22 27 3 3 0730
216.45 209.83 220.22 223.54 27 3 3 0731
209.83 220.22 223.54 233.28 27 3 3 0732
220.22 223.54 233.28 242.25 27 3 3 0733
223.54 233.28 242.25 248.97 27 3 3 0734
233.28 242.25 248.97 253.11 27 3 3 0735
242.25 248.97 253.11 255.31 27 3 3 0736
248.97 253.11 255.31 255.01 27 3 3 0737
253.11 255.31 255.01 255.38 27 3 3 0738
255.31 255.01 255.38 253.48 27 3 3 0739
255.01 255.38 253.48 253.42 27 3 3 0740
255.38 253.48 253.42 252.06 27 3 3 0741
253.48 253.42 252.06 251.42 27 3 3 0742
253.42 252.06 251.42 248.20 27 3 3 0743
252.06 251.42 248.20 246.47 27 3 3 0744
251.42 248.20 246.47 242.78 27 3 3 0745
248.20 246.47 242.78 239.16 27 3 3 0746
246.47 242.78 239.16 235.77 27 3 3 0747
242.78 239.16 235.77 232.50 27 3 3 0748
239.16 235.77 232.50 228.53 27 3 3 0749
235.77 232.50 228.53 225.17 27 3 3 0750
232.50 228.53 225.17 220.62 27 3 3 0751
228.53 225.17 220.62 217.19 27 3 3 0752
225.17 220.62 217.19 212.27 27 3 3 0753
220.62 217.19 212.27 207.38 27 3 3 0754
217.19 212.27 207.38 203.44 27 3 3 0755
212.27 207.38 203.44 200.58 27 3 3 0756
207.38 203.44 200.58 197.70 27 3 3 0757
203.44 200.58 197.70 195.50 27 3 3 0758
200.58 197.70 195.50 193.68 27 3 3 0759
197.70 195.50 193.68 190.88 27 3 3 0760
195.50 193.68 190.88 189.74 27 3 3 0761
193.68 190.88 189.74 190.68 27 3 3 0762
190.88 189.74 190.68 193.43 27 3 3 0763
189.74 190.68 193.43 198.51 27 3 3 0764
190.68 193.43 198.51 206.61 27 3 3 0765
193.43 198.51 206.61 216.91 27 3 3 0766
198.51 206.61 216.91 230.82 27 3 3 0767
206.61 216.91 230.82 246.80 27 3 3 0768
216.91 230.82 246.80 266.33 27 3 3 0769
230.82 246.80 266.33 293.07 27 3 3 0770
246.80 266.33 293.07 326.43 27 3 3 0771
266.33 293.07 326.43 357.14 27 3 3 0772
293.07 326.43 357.14 384.10 27 3 3 0773
326.43 357.14 384.10 409.52 27 3 3 0774
357.14 384.10 409.52 430.79 27 3 3 0775
384.10 409.52 430.79 455.56 27 3 3 0776
409.52 430.79 455.56 485.25 27 3 3 0777
430.79 455.56 485.25 497.80 27 3 3 0778
455.56 485.25 497.80 479.30 27 3 3 0779
485.25 497.80 479.30 467.36 27 3 3 0780
497.80 479.30 467.36 464.03 27 3 3 0781
479.30 467.36 464.03 433.78 27 3 3 0782
467.36 464.03 433.78 392.29 27 3 3 0783
464.03 433.78 392.29 338.53 27 3 3 0784
433.78 392.29 338.53 292.60 27 3 3 0785
392.29 338.53 292.60 260.95 27 3 3 0786
338.53 292.60 260.95 241.77 27 3 3 0787
292.60 260.95 241.77 227.36 27 3 3 0788
260.95 241.77 227.36 214.07 27 3 3 0789
241.77 227.36 214.07 173.64 27 3 3 0790
227.36 214.07 173.64 131.82 27 3 3 0791
214.07 173.64 131.82 099.31 27 3 3 0792
173.64 131.82 099.31 080.11 27 3 3 0793
131.82 099.31 080.11 063.00 27 3 3 0794
099.31 080.11 063.00 022.73 28 1 3 0795
080.11 063.00 022.73 004.61 28 1 1 0796
063.00 022.73 004.61 008.07 28 1 1 0797
022.73 004.61 008.07 006.82 28 1 1 0798
004.61 008.07 006.82 010.19 28 1 1 0799
008.07 006.82 010.19 008.69 28 1 1 0800
006.82 010.19 008.69 010.97 29 0 0 0801
010.19 008.69 010.97 008.64 29 0 0 0802
008.69 010.97 008.64 010.62 29 0 0 0803
010.97 008.64 010.62 007.72 29 0 0 0804
008.64 010.62 007.72 009.67 29 0 0 0805
010.62 007.72 009.67 007.58 29 0 0 0806
007.72 009.67 007.58 010.13 29 0 0 0807
009.67 007.58 010.13 008.19 29 0 0 0808
007.58 010.13 008.19 011.05 29 0 0 0809
010.13 008.19 011.05 008.90 29 0 0 0810
008.19 011.05 008.90 011.36 29 0 0 0811
011.05 008.90 011.36 009.14 29 0 0 0812
008.90 011.36 009.14 011.77 29 0 0 0813
011.36 009.14 011.77 009.05 29 0 0 0814
009.14 011.77 009.05 011.59 29 0 0 0815
011.77 009.05 011.59 008.74 29 0 0 0816
009.05 011.59 008.74 010.82 29 0 0 0817
011.59 008.74 010.82 008.65 29 0 0 0818
008.74 010.82 008.65 011.13 29 0 0 0819
010.82 008.65 011.13 008.51 29 0 0 0820
008.65 011.13 008.51 011.19 29 0 0 0821
011.13 008.51 011.19 008.41 29 0 0 0822
008.51 011.19 008.41 010.86 29 0 0 0823
011.19 008.41 010.86 008.64 29 0 0 0824
008.41 010.86 008.64 011.68 29 0 0 0825
010.86 008.64 011.68 008.57 29 0 0 0826
008.64 011.68 008.57 011.80 29 0 0 0827
011.68 008.57 011.80 008.82 29 0 0 0828
008.57 011.80 008.82 011.82 29 0 0 0829
011.80 008.82 011.82 008.85 29 0 0 0830
008.82 011.82 008.85 012.18 29 0 0 0831
011.82 008.85 012.18 009.39 29 0 0 0832
008.85 012.18 009.39 013.00 29 0 0 0833
012.18 009.39 013.00 010.17 30 2 0 0834
009.39 013.00 010.17 016.30 30 2 0 0835
013.00 010.17 016.30 014.40 30 2 2 0836
010.17 016.30 014.40 020.96 30 2 2 0837
016.30 014.40 020.96 026.30 30 2 2 0838
014.40 020.96 026.30 050.09 30 2 2 0839
020.96 026.30 050.09 093.88 31 3 2 0840
026.30 050.09 093.88 167.69 31 3 2 0841
050.09 093.88 167.69 190.12 31 3 3 0842
093.88 167.69 190.12 211.65 31 3 3 0843
167.69 190.12 211.65 250.67 31 3 3 0844
190.12 211.65 250.67 261.72 31 3 3 0845
211.65 250.67 261.72 243.43 31 3 3 0846
250.67 261.72 243.43 245.61 31 3 3 0847
261.72 243.43 245.61 238.55 31 3 3 0848
243.43 245.61 238.55 238.01 31 3 3 0849
245.61 238.55 238.01 235.55 31 3 3 0850
238.55 238.01 235.55 241.38 31 3 3 0851
238.01 235.55 241.38 241.98 31 3 3 0852
235.55 241.38 241.98 247.39 31 3 3 0853
241.38 241.98 247.39 244.56 31 3 3 0854
241.98 247.39 244.56 247.32 31 3 3 0855
247.39 244.56 247.32 244.41 31 3 3 0856
244.56 247.32 244.41 246.38 31 3 3 0857
247.32 244.41 246.38 243.26 31 3 3 0858
244.41 246.38 243.26 245.80 31 3 3 0859
246.38 243.26 245.80 242.82 31 3 3 0860
243.26 245.80 242.82 247.16 31 3 3 0861
245.80 242.82 247.16 244.93 31 3 3 0862
242.82 247.16 244.93 243.66 31 3 3 0863
247.16 244.93 243.66 235.65 31 3 3 0864
244.93 243.66 235.65 233.87 31 3 3 0865
243.66 235.65 233.87 227.25 31 3 3 0866
235.65 233.87 227.25 225.49 31 3 3 0867
233.87 227.25 225.49 217.90 31 3 3 0868
227.25 225.49 217.90 215.54 31 3 3 0869
225.49 217.90 215.54 206.61 31 3 3 0870
217.90 215.54 206.61 203.79 31 3 3 0871
215.54 206.61 203.79 197.50 31 3 3 0872
206.61 203.79 197.50 197.90 31 3 3 0873
203.79 197.50 197.90 193.77 31 3 3 0874
197.50 197.90 193.77 196.20 31 3 3 0875
197.90 193.77 196.20 194.29 31 3 3 0876
193.77 196.20 194.29 198.64 31 3 3 0877
196.20 194.29 198.64 198.56 31 3 3 0878
194.29 198.64 198.56 206.65 31 3 3 0879
198.64 198.56 206.65 209.02 31 3 3 0880
198.56 206.65 209.02 217.98 31 3 3 0881
206.65 209.02 217.98 221.77 31 3 3 0882
209.02 217.98 221.77 233.93 31 3 3 0883
217.98 221.77 233.93 242.41 31 3 3 0884
221.77 233.93 242.41 259.42 31 3 3 0885
233.93 242.41 259.42 273.47 31 3 3 0886
242.41 259.42 273.47 297.95 31 3 3 0887
259.42 273.47 297.95 319.17 31 3 3 0888
273.47 297.95 319.17 348.88 31 3 3 0889
297.95 319.17 348.88 377.69 31 3 3 0890
319.17 348.88 377.69 414.09 31 3 3 0891
348.88 377.69 414.09 441.42 31 3 3 0892
377.69 414.09 441.42 470.42 31 3 3 0893
414.09 441.42 470.42 486.39 31 3 3 0894
441.42 470.42 486.39 501.58 31 3 3 0895
470.42 486.39 501.58 485.31 31 3 3 0896
486.39 501.58 485.31 454.45 31 3 3 0897
501.58 485.31 454.45 439.13 31 3 3 0898
485.31 454.45 439.13 390.91 31 3 3 0899
454.45 439.13 390.91 327.02 31 3 3 0900
439.13 390.91 327.02 288.09 31 3 3 0901
390.91 327.02 288.09 237.77 31 3 3 0902
327.02 288.09 237.77 186.08 31 3 3 0903
288.09 237.77 186.08 140.87 31 3 3 0904
237.77 186.08 140.87 119.19 31 3 3 0905
186.08 140.87 119.19 076.18 31 3 3 0906
140.87 119.19 076.18 053.38 31 3 3 0907
119.19 076.18 053.38 031.13 32 1 3 0908
076.18 053.38 031.13 022.92 32 1 1 0909
053.38 031.13 022.92 014.64 32 1 1 0910
031.13 022.92 014.64 005.60 32 1 1 0911
022.92 014.64 005.60 001.91 32 1 1 0912
014.64 005.60 001.91 005.07 32 1 1 0913
005.60 001.91 005.07 002.97 33 0 0 0914
001.91 005.07 002.97 006.81 33 0 0 0915
005.07 002.97 006.81 004.62 33 0 0 0916
002.97 006.81 004.62 007.56 33 0 0 0917
006.81 004.62 007.56 004.93 33 0 0 0918
004.62 007.56 004.93 007.65 33 0 0 0919
007.56 004.93 007.65 004.94 33 0 0 0920
004.93 007.65 004.94 007.29 33 0 0 0921
007.65 004.94 007.29 005.07 33 0 0 0922
004.94 007.29 005.07 007.15 33 0 0 0923
007.29 005.07 007.15 004.63 33 0 0 0924
005.07 007.15 004.63 007.05 33 0 0 0925
007.15 004.63 007.05 004.44 33 0 0 0926
004.63 007.05 004.44 006.97 33 0 0 0927
007.05 004.44 006.97 004.27 33 0 0 0928
004.44 006.97 004.27 006.92 33 0 0 0929
006.97 004.27 006.92 003.95 33 0 0 0930
004.27 006.92 003.95 006.44 33 0 0 0931
006.92 003.95 006.44 004.55 33 0 0 0932
003.95 006.44 004.55 006.63 33 0 0 0933
006.44 004.55 006.63 004.18 33 0 0 0934
004.55 006.63 004.18 006.66 33 0 0 0935
006.63 004.18 006.66 004.47 33 0 0 0936
004.18 006.66 004.47 006.60 33 0 0 0937
006.66 004.47 006.60 004.00 33 0 0 0938
004.47 006.60 004.00 006.34 33 0 0 0939
006.60 004.00 006.34 004.37 33 0 0 0940
004.00 006.34 004.37 006.57 33 0 0 0941
006.34 004.37 006.57 003.81 33 0 0 0942
004.37 006.57 003.81 006.88 33 0 0 0943
006.57 003.81 006.88 004.20 33 0 0 0944
003.81 006.88 004.20 006.88 33 0 0 0945
006.88 004.20 006.88 004.60 33 0 0 0946
004.20 006.88 004.60 007.27 33 0 0 0947
006.88 004.60 007.27 004.87 33 0 0 0948
004.60 007.27 004.87 008.02 33 0 0 0949
007.27 004.87 008.02 007.89 34 2 0 0950
004.87 008.02 007.89 013.88 34 2 0 0951
008.02 007.89 013.88 012.43 34 2 2 0952
007.89 013.88 012.43 020.49 34 2 2 0953
013.88 012.43 020.49 029.57 34 2 2 0954
012.43 020.49 029.57 055.62 34 2 2 0955
020.49 029.57 055.62 103.54 35 3 2 0956
029.57 055.62 103.54 168.91 35 3 2 0957
055.62 103.54 168.91 188.72 35 3 3 0958
103.54 168.91 188.72 199.61 35 3 3 0959
168.91 188.72 199.61 221.75 35 3 3 0960
188.72 199.61 221.75 256.15 35 3 3 0961
199.61 221.75 256.15 241.53 35 3 3 0962
221.75 256.15 241.53 234.84 35 3 3 0963
256.15 241.53 234.84 234.04 35 3 3 0964
241.53 234.84 234.04 235.15 35 3 3 0965
234.84 234.04 235.15 235.75 35 3 3 0966
234.04 235.15 235.75 240.89 35 3 3 0967
235.15 235.75 240.89 243.24 35 3 3 0968
235.75 240.89 243.24 248.32 35 3 3 0969
240.89 243.24 248.32 246.36 35 3 3 0970
243.24 248.32 246.36 248.49 35 3 3 0971
248.32 246.36 248.49 245.64 35 3 3 0972
246.36 248.49 245.64 247.40 35 3 3 0973
248.49 245.64 247.40 244.02 35 3 3 0974
245.64 247.40 244.02 246.12 35 3 3 0975
247.40 244.02 246.12 242.60 35 3 3 0976
244.02 246.12 242.60 244.06 35 3 3 0977
246.12 242.60 244.06 241.89 35 3 3 0978
242.60 244.06 241.89 241.96 35 3 3 0979
244.06 241.89 241.96 235.49 35 3 3 0980
241.89 241.96 235.49 233.40 35 3 3 0981
241.96 235.49 233.40 227.71 35 3 3 0982
235.49 233.40 227.71 225.71 35 3 3 0983
233.40 227.71 225.71 219.21 35 3 3 0984
227.71 225.71 219.21 215.30 35 3 3 0985
225.71 219.21 215.30 206.35 35 3 3 0986
219.21 215.30 206.35 200.48 35 3 3 0987
215.30 206.35 200.48 190.95 35 3 3 0988
206.35 200.48 190.95 189.38 35 3 3 0989
200.48 190.95 189.38 183.52 35 3 3 0990
190.95 189.38 183.52 182.45 35 3 3 0991
189.38 183.52 182.45 180.58 35 3 3 0992
183.52 182.45 180.58 181.95 35 3 3 0993
182.45 180.58 181.95 180.17 35 3 3 0994
180.58 181.95 180.17 183.95 35 3 3 0995
181.95 180.17 183.95 185.00 35 3 3 0996
180.17 183.95 185.00 189.75 35 3 3 0997
183.95 185.00 189.75 191.69 35 3 3 0998
185.00 189.75 191.69 199.84 35 3 3 0999
189.75 191.69 199.84 207.80 35 3 3 1000
191.69 199.84 207.80 219.51 35 3 3 1001
199.84 207.80 219.51 229.46 35 3 3 1002
207.80 219.51 229.46 245.03 35 3 3 1003
219.51 229.46 245.03 259.49 35 3 3 1004
229.46 245.03 259.49 278.89 35 3 3 1005
245.03 259.49 278.89 296.54 35 3 3 1006
259.49 278.89 296.54 316.67 35 3 3 1007
278.89 296.54 316.67 335.53 35 3 3 1008
296.54 316.67 335.53 357.49 35 3 3 1009
316.67 335.53 357.49 381.26 35 3 3 1010
335.53 357.49 381.26 410.00 35 3 3 1011
357.49 381.26 410.00 441.89 35 3 3 1012
381.26 410.00 441.89 471.08 35 3 3 1013
410.00 441.89 471.08 481.25 35 3 3 1014
441.89 471.08 481.25 478.24 35 3 3 1015
471.08 481.25 478.24 449.35 35 3 3 1016
481.25 478.24 449.35 433.64 35 3 3 1017
478.24 449.35 433.64 401.00 35 3 3 1018
449.35 433.64 401.00 340.57 35 3 3 1019
433.64 401.00 340.57 281.03 35 3 3 1020
401.00 340.57 281.03 240.92 35 3 3 1021
340.57 281.03 240.92 212.81 35 3 3 1022
281.03 240.92 212.81 197.37 35 3 3 1023
240.92 212.81 197.37 172.54 35 3 3 1024
212.81 197.37 172.54 126.13 35 3 3 1025
197.37 172.54 126.13 093.75 35 3 3 1026
172.54 126.13 093.75 069.53 35 3 3 1027
126.13 093.75 069.53 054.56 35 3 3 1028
093.75 069.53 054.56 037.55 36 1 3 1029
069.53 054.56 037.55 004.43 36 1 1 1030
054.56 037.55 004.43 004.06 36 1 1 1031
037.55 004.43 004.06 003.84 36 1 1 1032
004.43 004.06 003.84 003.88 36 1 1 1033
004.06 003.84 003.88 005.38 36 1 1 1034
003.84 003.88 005.38 005.49 37 0 0 1035
003.88 005.38 005.49 006.44 37 0 0 1036
005.38 005.49 006.44 006.39 37 0 0 1037
005.49 006.44 006.39 006.36 37 0 0 1038
006.44 006.39 006.36 005.09 37 0 0 1039
006.39 006.36 005.09 006.11 37 0 0 1040
006.36 005.09 006.11 004.74 37 0 0 1041
005.09 006.11 004.74 005.47 37 0 0 1042
006.11 004.74 005.47 005.35 37 0 0 1043
004.74 005.47 005.35 006.02 37 0 0 1044
005.47 005.35 006.02 004.85 37 0 0 1045
005.35 006.02 004.85 005.67 37 0 0 1046
006.02 004.85 005.67 005.03 37 0 0 1047
004.85 005.67 005.03 006.02 37 0 0 1048
005.67 005.03 006.02 004.84 37 0 0 1049
005.03 006.02 004.84 005.97 37 0 0 1050
006.02 004.84 005.97 005.03 37 0 0 1051
004.84 005.97 005.03 006.05 37 0 0 1052
005.97 005.03 006.05 005.33 37 0 0 1053
005.03 006.05 005.33 006.07 37 0 0 1054
006.05 005.33 006.07 005.41 37 0 0 1055
005.33 006.07 005.41 005.63 37 0 0 1056
006.07 005.41 005.63 004.98 37 0 0 1057
005.41 005.63 004.98 006.32 37 0 0 1058
005.63 004.98 006.32 005.22 37 0 0 1059
004.98 006.32 005.22 006.35 37 0 0 1060
006.32 005.22 006.35 005.40 37 0 0 1061
005.22 006.35 005.40 006.71 37 0 0 1062
006.35 005.40 006.71 005.63 37 0 0 1063
005.40 006.71 005.63 007.09 37 0 0 1064
006.71 005.63 007.09 005.94 37 0 0 1065
005.63 007.09 005.94 007.66 37 0 0 1066
007.09 005.94 007.66 006.79 37 0 0 1067
005.94 007.66 006.79 010.74 38 2 0 1068
007.66 006.79 010.74 010.79 38 2 0 1069
006.79 010.74 010.79 014.26 38 2 2 1070
010.74 010.79 014.26 019.15 38 2 2 1071
010.79 014.26 019.15 040.53 38 2 2 1072
014.26 019.15 040.53 071.03 38 2 2 1073
019.15 040.53 071.03 140.58 39 3 2 1074
040.53 071.03 140.58 172.52 39 3 2 1075
071.03 140.58 172.52 184.34 39 3 3 1076
140.58 172.52 184.34 194.73 39 3 3 1077
172.52 184.34 194.73 236.45 39 3 3 1078
184.34 194.73 236.45 242.82 39 3 3 1079
194.73 236.45 242.82 230.36 39 3 3 1080
236.45 242.82 230.36 223.33 39 3 3 1081
242.82 230.36 223.33 226.58 39 3 3 1082
230.36 223.33 226.58 226.42 39 3 3 1083
223.33 226.58 226.42 235.71 39 3 3 1084
226.58 226.42 235.71 241.80 39 3 3 1085
226.42 235.71 241.80 252.01 39 3 3 1086
235.71 241.80 252.01 256.07 39 3 3 1087
241.80 252.01 256.07 261.31 39 3 3 1088
252.01 256.07 261.31 262.94 39 3 3 1089
256.07 261.31 262.94 266.72 39 3 3 1090
261.31 262.94 266.72 265.96 39 3 3 1091
262.94 266.72 265.96 266.02 39 3 3 1092
266.72 265.96 266.02 260.76 39 3 3 1093
265.96 266.02 260.76 256.74 39 3 3 1094
266.02 260.76 256.74 248.50 39 3 3 1095
260.76 256.74 248.50 241.18 39 3 3 1096
256.74 248.50 241.18 230.96 39 3 3 1097
248.50 241.18 230.96 224.10 39 3 3 1098
241.18 230.96 224.10 215.89 39 3 3 1099
230.96 224.10 215.89 211.75 39 3 3 1100
224.10 215.89 211.75 206.26 39 3 3 1101
215.89 211.75 206.26 204.60 39 3 3 1102
211.75 206.26 204.60 200.90 39 3 3 1103
206.26 204.60 200.90 200.92 39 3 3 1104
204.60 200.90 200.92 196.35 39 3 3 1105
200.90 200.92 196.35 193.75 39 3 3 1106
200.92 196.35 193.75 190.28 39 3 3 1107
196.35 193.75 190.28 189.12 39 3 3 1108
193.75 190.28 189.12 183.64 39 3 3 1109
190.28 189.12 183.64 181.99 39 3 3 1110
189.12 183.64 181.99 179.59 39 3 3 1111
183.64 181.99 179.59 183.29 39 3 3 1112
181.99 179.59 183.29 184.92 39 3 3 1113
179.59 183.29 184.92 191.35 39 3 3 1114
183.29 184.92 191.35 198.01 39 3 3 1115
184.92 191.35 198.01 209.19 39 3 3 1116
191.35 198.01 209.19 218.45 39 3 3 1117
198.01 209.19 218.45 234.54 39 3 3 1118
209.19 218.45 234.54 250.40 39 3 3 1119
218.45 234.54 250.40 276.51 39 3 3 1120
234.54 250.40 276.51 301.04 39 3 3 1121
250.40 276.51 301.04 333.83 39 3 3 1122
276.51 301.04 333.83 372.07 39 3 3 1123
301.04 333.83 372.07 413.29 39 3 3 1124
333.83 372.07 413.29 440.98 39 3 3 1125
372.07 413.29 440.98 473.68 39 3 3 1126
413.29 440.98 473.68 496.46 39 3 3 1127
440.98 473.68 496.46 509.20 39 3 3 1128
473.68 496.46 509.20 497.40 39 3 3 1129
496.46 509.20 497.40 499.51 39 3 3 1130
509.20 497.40 499.51 493.54 39 3 3 1131
497.40 499.51 493.54 468.23 39 3 3 1132
499.51 493.54 468.23 418.01 39 3 3 1133
493.54 468.23 418.01 365.15 39 3 3 1134
468.23 418.01 365.15 306.14 39 3 3 1135
418.01 365.15 306.14 271.51 39 3 3 1136
365.15 306.14 271.51 244.77 39 3 3 1137
306.14 271.51 244.77 231.85 39 3 3 1138
271.51 244.77 231.85 208.25 39 3 3 1139
244.77 231.85 208.25 165.17 39 3 3 1140
231.85 208.25 165.17 121.51 39 3 3 1141
208.25 165.17 121.51 094.96 39 3 3 1142
165.17 121.51 094.96 072.86 39 3 3 1143
121.51 094.96 072.86 055.55 39 3 3 1144
094.96 072.86 055.55 015.21 40 1 3 1145
072.86 055.55 015.21 009.43 40 1 1 1146
055.55 015.21 009.43 006.90 40 1 1 1147
015.21 009.43 006.90 009.93 40 1 1 1148
009.43 006.90 009.93 008.39 40 1 1 1149
006.90 009.93 008.39 011.41 40 1 1 1150
009.93 008.39 011.41 009.58 41 0 0 1151
008.39 011.41 009.58 011.71 41 0 0 1152
011.41 009.58 011.71 009.89 41 0 0 1153
009.58 011.71 009.89 011.71 41 0 0 1154
011.71 009.89 011.71 009.52 41 0 0 1155
009.89 011.71 009.52 011.64 41 0 0 1156
011.71 009.52 011.64 009.07 41 0 0 1157
009.52 011.64 009.07 011.51 41 0 0 1158
011.64 009.07 011.51 009.06 41 0 0 1159
009.07 011.51 009.06 011.70 41 0 0 1160
011.51 009.06 011.70 009.18 41 0 0 1161
009.06 011.70 009.18 011.17 41 0 0 1162
011.70 009.18 011.17 008.82 41 0 0 1163
009.18 011.17 008.82 011.31 41 0 0 1164
011.17 008.82 011.31 008.86 41 0 0 1165
008.82 011.31 008.86 011.11 41 0 0 1166
011.31 008.86 011.11 008.66 41 0 0 1167
008.86 011.11 008.66 011.30 41 0 0 1168
011.11 008.66 011.30 008.78 41 0 0 1169
008.66 011.30 008.78 011.79 41 0 0 1170
011.30 008.78 011.79 008.93 41 0 0 1171
008.78 011.79 008.93 012.01 41 0 0 1172
011.79 008.93 012.01 009.40 41 0 0 1173
008.93 012.01 009.40 012.17 41 0 0 1174
012.01 009.40 012.17 009.08 41 0 0 1175
009.40 012.17 009.08 012.53 41 0 0 1176
012.17 009.08 012.53 009.32 41 0 0 1177
009.08 012.53 009.32 014.97 41 0 0 1178
012.53 009.32 014.97 013.15 42 2 0 1179
009.32 014.97 013.15 015.43 42 2 0 1180
014.97 013.15 015.43 013.39 42 2 2 1181
013.15 015.43 013.39 019.85 42 2 2 1182
015.43 013.39 019.85 026.99 42 2 2 1183
013.39 019.85 026.99 054.82 42 2 2 1184
019.85 026.99 054.82 072.54 43 3 2 1185
026.99 054.82 072.54 117.62 43 3 2 1186
054.82 072.54 117.62 162.71 43 3 3 1187
072.54 117.62 162.71 197.69 43 3 3 1188
117.62 162.71 197.69 218.03 43 3 3 1189
162.71 197.69 218.03 225.90 43 3 3 1190
197.69 218.03 225.90 211.17 43 3 3 1191
218.03 225.90 211.17 219.86 43 3 3 1192
225.90 211.17 219.86 216.29 43 3 3 1193
211.17 219.86 216.29 213.59 43 3 3 1194
219.86 216.29 213.59 209.75 43 3 3 1195
216.29 213.59 209.75 214.71 43 3 3 1196
213.59 209.75 214.71 213.95 43 3 3 1197
209.75 214.71 213.95 219.22 43 3 3 1198
214.71 213.95 219.22 217.28 43 3 3 1199
213.95 219.22 217.28 220.95 43 3 3 1200
219.22 217.28 220.95 217.83 43 3 3 1201
217.28 220.95 217.83 219.40 43 3 3 1202
220.95 217.83 219.40 216.21 43 3 3 1203
217.83 219.40 216.21 218.70 43 3 3 1204
219.40 216.21 218.70 214.71 43 3 3 1205
216.21 218.70 214.71 213.98 43 3 3 1206
218.70 214.71 213.98 206.10 43 3 3 1207
214.71 213.98 206.10 201.62 43 3 3 1208
213.98 206.10 201.62 189.55 43 3 3 1209
206.10 201.62 189.55 184.14 43 3 3 1210
201.62 189.55 184.14 171.45 43 3 3 1211
189.55 184.14 171.45 161.59 43 3 3 1212
184.14 171.45 161.59 146.72 43 3 3 1213
171.45 161.59 146.72 138.76 43 3 3 1214
161.59 146.72 138.76 127.78 43 3 3 1215
146.72 138.76 127.78 124.55 43 3 3 1216
138.76 127.78 124.55 118.47 43 3 3 1217
127.78 124.55 118.47 120.00 43 3 3 1218
124.55 118.47 120.00 118.98 43 3 3 1219
118.47 120.00 118.98 123.08 43 3 3 1220
120.00 118.98 123.08 122.09 43 3 3 1221
118.98 123.08 122.09 126.38 43 3 3 1222
123.08 122.09 126.38 125.63 43 3 3 1223
122.09 126.38 125.63 131.60 43 3 3 1224
126.38 125.63 131.60 134.28 43 3 3 1225
125.63 131.60 134.28 143.18 43 3 3 1226
131.60 134.28 143.18 149.11 43 3 3 1227
134.28 143.18 149.11 161.47 43 3 3 1228
143.18 149.11 161.47 169.50 43 3 3 1229
149.11 161.47 169.50 184.23 43 3 3 1230
161.47 169.50 184.23 196.18 43 3 3 1231
169.50 184.23 196.18 215.46 43 3 3 1232
184.23 196.18 215.46 229.90 43 3 3 1233
196.18 215.46 229.90 248.23 43 3 3 1234
215.46 229.90 248.23 261.73 43 3 3 1235
229.90 248.23 261.73 282.42 43 3 3 1236
248.23 261.73 282.42 299.72 43 3 3 1237
261.73 282.42 299.72 325.07 43 3 3 1238
282.42 299.72 325.07 347.00 43 3 3 1239
299.72 325.07 347.00 379.09 43 3 3 1240
325.07 347.00 379.09 406.41 43 3 3 1241
347.00 379.09 406.41 426.29 43 3 3 1242
379.09 406.41 426.29 438.74 43 3 3 1243
406.41 426.29 438.74 452.85 43 3 3 1244
426.29 438.74 452.85 446.76 43 3 3 1245
438.74 452.85 446.76 437.27 43 3 3 1246
452.85 446.76 437.27 411.10 43 3 3 1247
446.76 437.27 411.10 371.32 43 3 3 1248
437.27 411.10 371.32 330.98 43 3 3 1249
411.10 371.32 330.98 301.74 43 3 3 1250
371.32 330.98 301.74 269.44 43 3 3 1251
330.98 301.74 269.44 218.21 43 3 3 1252
301.74 269.44 218.21 149.97 43 3 3 1253
269.44 218.21 149.97 100.24 43 3 3 1254
218.21 149.97 100.24 064.20 43 3 3 1255
149.97 100.24 064.20 038.47 44 1 3 1256
100.24 064.20 038.47 017.81 44 1 1 1257
064.20 038.47 017.81 003.46 44 1 1 1258
038.47 017.81 003.46 -16.11 44 1 1 1259
017.81 003.46 -16.11 -09.85 44 1 1 1260
003.46 -16.11 -09.85 -14.17 44 1 1 1261
-16.11 -09.85 -14.17 -11.21 45 0 0 1262
-09.85 -14.17 -11.21 -11.99 45 0 0 1263
-14.17 -11.21 -11.99 -09.67 45 0 0 1264
-11.21 -11.99 -09.67 -11.76 45 0 0 1265
-11.99 -09.67 -11.76 -10.12 45 0 0 1266
-09.67 -11.76 -10.12 -11.55 45 0 0 1267
-11.76 -10.12 -11.55 -10.24 45 0 0 1268
-10.12 -11.55 -10.24 -11.40 45 0 0 1269
-11.55 -10.24 -11.40 -09.55 45 0 0 1270
-10.24 -11.40 -09.55 -11.12 45 0 0 1271
-11.40 -09.55 -11.12 -09.86 45 0 0 1272
-09.55 -11.12 -09.86 -11.50 45 0 0 1273
-11.12 -09.86 -11.50 -09.79 45 0 0 1274
-09.86 -11.50 -09.79 -10.97 45 0 0 1275
-11.50 -09.79 -10.97 -09.95 45 0 0 1276
-09.79 -10.97 -09.95 -10.95 45 0 0 1277
-10.97 -09.95 -10.95 -09.47 45 0 0 1278
-09.95 -10.95 -09.47 -11.07 45 0 0 1279
-10.95 -09.47 -11.07 -09.87 45 0 0 1280
-09.47 -11.07 -09.87 -11.30 45 0 0 1281
-11.07 -09.87 -11.30 -09.92 45 0 0 1282
-09.87 -11.30 -09.92 -11.18 45 0 0 1283
-11.30 -09.92 -11.18 -10.26 45 0 0 1284
-09.92 -11.18 -10.26 -11.42 45 0 0 1285
-11.18 -10.26 -11.42 -10.47 45 0 0 1286
-10.26 -11.42 -10.47 -11.21 45 0 0 1287
-11.42 -10.47 -11.21 -09.65 45 0 0 1288
-10.47 -11.21 -09.65 -11.22 45 0 0 1289
-11.21 -09.65 -11.22 -09.76 45 0 0 1290
-09.65 -11.22 -09.76 -11.06 45 0 0 1291
-11.22 -09.76 -11.06 -09.66 45 0 0 1292
-09.76 -11.06 -09.66 -10.54 45 0 0 1293
-11.06 -09.66 -10.54 -09.72 45 0 0 1294
-09.66 -10.54 -09.72 -10.54 45 0 0 1295
-10.54 -09.72 -10.54 -09.06 45 0 0 1296
-09.72 -10.54 -09.06 -09.01 45 0 0 1297
-10.54 -09.06 -09.01 -07.58 46 2 0 1298
-09.06 -09.01 -07.58 -06.17 46 2 0 1299
-09.01 -07.58 -06.17 000.67 46 2 2 1300
-07.58 -06.17 000.67 004.51 46 2 2 1301
-06.17 000.67 004.51 016.99 46 2 2 1302
000.67 004.51 016.99 053.43 46 2 2 1303
004.51 016.99 053.43 114.86 47 3 2 1304
016.99 053.43 114.86 179.80 47 3 2 1305
053.43 114.86 179.80 209.80 47 3 3 1306
114.86 179.80 209.80 216.37 47 3 3 1307
179.80 209.80 216.37 229.02 47 3 3 1308
209.80 216.37 229.02 260.04 47 3 3 1309
216.37 229.02 260.04 300.38 47 3 3 1310
229.02 260.04 300.38 300.94 47 3 3 1311
260.04 300.38 300.94 279.78 47 3 3 1312
300.38 300.94 279.78 268.64 47 3 3 1313
300.94 279.78 268.64 274.35 47 3 3 1314
279.78 268.64 274.35 279.00 47 3 3 1315
268.64 274.35 279.00 279.37 47 3 3 1316
274.35 279.00 279.37 284.16 47 3 3 1317
279.00 279.37 284.16 285.45 47 3 3 1318
279.37 284.16 285.45 287.13 47 3 3 1319
284.16 285.45 287.13 285.99 47 3 3 1320
285.45 287.13 285.99 287.27 47 3 3 1321
287.13 285.99 287.27 285.48 47 3 3 1322
285.99 287.27 285.48 283.66 47 3 3 1323
287.27 285.48 283.66 276.14 47 3 3 1324
285.48 283.66 276.14 268.52 47 3 3 1325
283.66 276.14 268.52 258.37 47 3 3 1326
276.14 268.52 258.37 252.59 47 3 3 1327
268.52 258.37 252.59 244.15 47 3 3 1328
258.37 252.59 244.15 240.51 47 3 3 1329
252.59 244.15 240.51 231.49 47 3 3 1330
244.15 240.51 231.49 226.30 47 3 3 1331
240.51 231.49 226.30 216.25 47 3 3 1332
231.49 226.30 216.25 205.69 47 3 3 1333
226.30 216.25 205.69 195.10 47 3 3 1334
216.25 205.69 195.10 189.08 47 3 3 1335
205.69 195.10 189.08 179.44 47 3 3 1336
195.10 189.08 179.44 174.03 47 3 3 1337
189.08 179.44 174.03 166.70 47 3 3 1338
179.44 174.03 166.70 166.80 47 3 3 1339
174.03 166.70 166.80 167.10 47 3 3 1340
166.70 166.80 167.10 173.61 47 3 3 1341
166.80 167.10 173.61 178.37 47 3 3 1342
167.10 173.61 178.37 191.24 47 3 3 1343
173.61 178.37 191.24 202.43 47 3 3 1344
178.37 191.24 202.43 218.37 47 3 3 1345
191.24 202.43 218.37 229.04 47 3 3 1346
202.43 218.37 229.04 245.83 47 3 3 1347
218.37 229.04 245.83 259.04 47 3 3 1348
229.04 245.83 259.04 277.82 47 3 3 1349
245.83 259.04 277.82 292.68 47 3 3 1350
259.04 277.82 292.68 313.85 47 3 3 1351
277.82 292.68 313.85 330.54 47 3 3 1352
292.68 313.85 330.54 354.05 47 3 3 1353
313.85 330.54 354.05 374.46 47 3 3 1354
330.54 354.05 374.46 403.75 47 3 3 1355
354.05 374.46 403.75 428.39 47 3 3 1356
374.46 403.75 428.39 455.77 47 3 3 1357
403.75 428.39 455.77 470.56 47 3 3 1358
428.39 455.77 470.56 484.34 47 3 3 1359
455.77 470.56 484.34 479.29 47 3 3 1360
470.56 484.34 479.29 451.54 47 3 3 1361
484.34 479.29 451.54 447.26 47 3 3 1362
479.29 451.54 447.26 409.79 47 3 3 1363
451.54 447.26 409.79 356.04 47 3 3 1364
447.26 409.79 356.04 325.35 47 3 3 1365
409.79 356.04 325.35 274.40 47 3 3 1366
356.04 325.35 274.40 227.66 47 3 3 1367
325.35 274.40 227.66 176.55 47 3 3 1368
274.40 227.66 176.55 148.60 47 3 3 1369
227.66 176.55 148.60 104.61 47 3 3 1370
176.55 148.60 104.61 073.58 47 3 3 1371
148.60 104.61 073.58 052.81 47 3 3 1372
104.61 073.58 052.81 045.14 48 1 3 1373
073.58 052.81 045.14 032.80 48 1 1 1374
052.81 045.14 032.80 029.46 48 1 1 1375
045.14 032.80 029.46 000.89 48 1 1 1376
032.80 029.46 000.89 004.70 48 1 1 1377
029.46 000.89 004.70 001.25 48 1 1 1378
000.89 004.70 001.25 005.95 49 0 0 1379
004.70 001.25 005.95 002.69 49 0 0 1380
001.25 005.95 002.69 007.12 49 0 0 1381
005.95 002.69 007.12 003.72 49 0 0 1382
002.69 007.12 003.72 007.62 49 0 0 1383
007.12 003.72 007.62 003.67 49 0 0 1384
003.72 007.62 003.67 006.85 49 0 0 1385
007.62 003.67 006.85 003.12 49 0 0 1386
003.67 006.85 003.12 007.07 49 0 0 1387
006.85 003.12 007.07 003.14 49 0 0 1388
003.12 007.07 003.14 007.13 49 0 0 1389
007.07 003.14 007.13 003.54 49 0 0 1390
003.14 007.13 003.54 007.19 49 0 0 1391
007.13 003.54 007.19 003.12 49 0 0 1392
003.54 007.19 003.12 006.93 49 0 0 1393
007.19 003.12 006.93 002.45 49 0 0 1394
003.12 006.93 002.45 006.28 49 0 0 1395
006.93 002.45 006.28 001.96 49 0 0 1396
002.45 006.28 001.96 005.93 49 0 0 1397
006.28 001.96 005.93 002.37 49 0 0 1398
001.96 005.93 002.37 007.07 49 0 0 1399
005.93 002.37 007.07 002.90 49 0 0 1400
002.37 007.07 002.90 006.87 49 0 0 1401
007.07 002.90 006.87 003.01 49 0 0 1402
002.90 006.87 003.01 006.81 49 0 0 1403
006.87 003.01 006.81 002.53 49 0 0 1404
003.01 006.81 002.53 006.62 49 0 0 1405
006.81 002.53 006.62 002.10 49 0 0 1406
002.53 006.62 002.10 006.75 49 0 0 1407
006.62 002.10 006.75 001.93 49 0 0 1408
002.10 006.75 001.93 006.57 49 0 0 1409
006.75 001.93 006.57 002.21 49 0 0 1410
001.93 006.57 002.21 007.66 49 0 0 1411
006.57 002.21 007.66 003.39 49 0 0 1412
002.21 007.66 003.39 008.59 49 0 0 1413
007.66 003.39 008.59 004.43 49 0 0 1414
003.39 008.59 004.43 010.54 50 2 0 1415
008.59 004.43 010.54 007.67 50 2 0 1416
004.43 010.54 007.67 014.69 50 2 2 1417
010.54 007.67 014.69 011.61 50 2 2 1418
007.67 014.69 011.61 029.04 50 2 2 1419
014.69 011.61 029.04 057.35 50 2 2 1420
011.61 029.04 057.35 142.32 51 3 2 1421
029.04 057.35 142.32 205.20 51 3 2 1422
057.35 142.32 205.20 239.46 51 3 3 1423
142.32 205.20 239.46 242.44 51 3 3 1424
205.20 239.46 242.44 259.66 51 3 3 1425
239.46 242.44 259.66 290.71 51 3 3 1426
242.44 259.66 290.71 307.01 51 3 3 1427
259.66 290.71 307.01 284.02 51 3 3 1428
290.71 307.01 284.02 270.31 51 3 3 1429
307.01 284.02 270.31 261.47 51 3 3 1430
284.02 270.31 261.47 264.40 51 3 3 1431
270.31 261.47 264.40 256.69 51 3 3 1432
261.47 264.40 256.69 261.60 51 3 3 1433
264.40 256.69 261.60 257.43 51 3 3 1434
256.69 261.60 257.43 263.53 51 3 3 1435
261.60 257.43 263.53 258.01 51 3 3 1436
257.43 263.53 258.01 262.45 51 3 3 1437
263.53 258.01 262.45 257.67 51 3 3 1438
258.01 262.45 257.67 262.01 51 3 3 1439
262.45 257.67 262.01 256.42 51 3 3 1440
257.67 262.01 256.42 259.59 51 3 3 1441
262.01 256.42 259.59 252.71 51 3 3 1442
256.42 259.59 252.71 253.45 51 3 3 1443
259.59 252.71 253.45 242.88 51 3 3 1444
252.71 253.45 242.88 241.19 51 3 3 1445
253.45 242.88 241.19 231.76 51 3 3 1446
242.88 241.19 231.76 232.79 51 3 3 1447
241.19 231.76 232.79 223.48 51 3 3 1448
231.76 232.79 223.48 221.52 51 3 3 1449
232.79 223.48 221.52 211.63 51 3 3 1450
223.48 221.52 211.63 210.72 51 3 3 1451
221.52 211.63 210.72 200.24 51 3 3 1452
211.63 210.72 200.24 199.23 51 3 3 1453
210.72 200.24 199.23 190.47 51 3 3 1454
200.24 199.23 190.47 191.93 51 3 3 1455
199.23 190.47 191.93 185.19 51 3 3 1456
190.47 191.93 185.19 189.08 51 3 3 1457
191.93 185.19 189.08 184.36 51 3 3 1458
185.19 189.08 184.36 190.70 51 3 3 1459
189.08 184.36 190.70 188.81 51 3 3 1460
184.36 190.70 188.81 197.65 51 3 3 1461
190.70 188.81 197.65 198.62 51 3 3 1462
188.81 197.65 198.62 210.76 51 3 3 1463
197.65 198.62 210.76 215.50 51 3 3 1464
198.62 210.76 215.50 231.41 51 3 3 1465
210.76 215.50 231.41 239.44 51 3 3 1466
215.50 231.41 239.44 259.90 51 3 3 1467
231.41 239.44 259.90 272.44 51 3 3 1468
239.44 259.90 272.44 295.74 51 3 3 1469
259.90 272.44 295.74 312.45 51 3 3 1470
272.44 295.74 312.45 340.38 51 3 3 1471
295.74 312.45 340.38 360.60 51 3 3 1472
312.45 340.38 360.60 389.44 51 3 3 1473
340.38 360.60 389.44 411.92 51 3 3 1474
360.60 389.44 411.92 446.45 51 3 3 1475
389.44 411.92 446.45 469.04 51 3 3 1476
411.92 446.45 469.04 484.92 51 3 3 1477
446.45 469.04 484.92 472.33 51 3 3 1478
469.04 484.92 472.33 437.31 51 3 3 1479
484.92 472.33 437.31 410.40 51 3 3 1480
472.33 437.31 410.40 381.03 51 3 3 1481
437.31 410.40 381.03 316.69 51 3 3 1482
410.40 381.03 316.69 266.44 51 3 3 1483
381.03 316.69 266.44 215.29 51 3 3 1484
316.69 266.44 215.29 184.57 51 3 3 1485
266.44 215.29 184.57 167.14 51 3 3 1486
215.29 184.57 167.14 157.15 51 3 3 1487
184.57 167.14 157.15 133.05 51 3 3 1488
167.14 157.15 133.05 110.53 51 3 3 1489
157.15 133.05 110.53 085.25 51 3 3 1490
133.05 110.53 085.25 075.97 51 3 3 1491
110.53 085.25 075.97 048.54 51 3 3 1492
085.25 075.97 048.54 008.01 52 1 3 1493
075.97 048.54 008.01 005.03 52 1 1 1494
048.54 008.01 005.03 007.66 52 1 1 1495
008.01 005.03 007.66 005.10 52 1 1 1496
005.03 007.66 005.10 009.17 52 1 1 1497
007.66 005.10 009.17 006.45 52 1 1 1498
005.10 009.17 006.45 009.87 53 0 0 1499
009.17 006.45 009.87 007.19 53 0 0 1500
006.45 009.87 007.19 009.96 53 0 0 1501
009.87 007.19 009.96 006.42 53 0 0 1502
007.19 009.96 006.42 009.53 53 0 0 1503
009.96 006.42 009.53 006.20 53 0 0 1504
006.42 009.53 006.20 009.14 53 0 0 1505
009.53 006.20 009.14 006.17 53 0 0 1506
006.20 009.14 006.17 009.11 53 0 0 1507
009.14 006.17 009.11 006.44 53 0 0 1508
006.17 009.11 006.44 009.44 53 0 0 1509
009.11 006.44 009.44 006.79 53 0 0 1510
006.44 009.44 006.79 009.64 53 0 0 1511
009.44 006.79 009.64 006.24 53 0 0 1512
006.79 009.64 006.24 009.03 53 0 0 1513
009.64 006.24 009.03 006.21 53 0 0 1514
006.24 009.03 006.21 008.59 53 0 0 1515
009.03 006.21 008.59 006.28 53 0 0 1516
006.21 008.59 006.28 008.86 53 0 0 1517
008.59 006.28 008.86 005.73 53 0 0 1518
006.28 008.86 005.73 008.45 53 0 0 1519
008.86 005.73 008.45 005.95 53 0 0 1520
005.73 008.45 005.95 008.17 53 0 0 1521
008.45 005.95 008.17 005.71 53 0 0 1522
005.95 008.17 005.71 008.21 53 0 0 1523
008.17 005.71 008.21 006.15 53 0 0 1524
005.71 008.21 006.15 007.94 53 0 0 1525
008.21 006.15 007.94 006.41 53 0 0 1526
006.15 007.94 006.41 008.09 53 0 0 1527
007.94 006.41 008.09 006.36 53 0 0 1528
006.41 008.09 006.36 009.36 53 0 0 1529
008.09 006.36 009.36 007.90 53 0 0 1530
006.36 009.36 007.90 013.09 54 2 0 1531
009.36 007.90 013.09 012.49 54 2 0 1532
007.90 013.09 012.49 015.40 54 2 2 1533
013.09 012.49 015.40 016.55 54 2 2 1534
012.49 015.40 016.55 029.26 54 2 2 1535
015.40 016.55 029.26 052.37 54 2 2 1536
016.55 029.26 052.37 125.50 55 3 2 1537
029.26 052.37 125.50 169.57 55 3 2 1538
052.37 125.50 169.57 189.05 55 3 3 1539
125.50 169.57 189.05 195.86 55 3 3 1540
169.57 189.05 195.86 216.60 55 3 3 1541
189.05 195.86 216.60 236.92 55 3 3 1542
195.86 216.60 236.92 226.42 55 3 3 1543
216.60 236.92 226.42 212.60 55 3 3 1544
236.92 226.42 212.60 214.96 55 3 3 1545
226.42 212.60 214.96 217.87 55 3 3 1546
212.60 214.96 217.87 226.22 55 3 3 1547
214.96 217.87 226.22 235.40 55 3 3 1548
217.87 226.22 235.40 246.40 55 3 3 1549
226.22 235.40 246.40 251.00 55 3 3 1550
235.40 246.40 251.00 254.67 55 3 3 1551
246.40 251.00 254.67 254.13 55 3 3 1552
251.00 254.67 254.13 254.35 55 3 3 1553
254.67 254.13 254.35 252.09 55 3 3 1554
254.13 254.35 252.09 251.48 55 3 3 1555
254.35 252.09 251.48 249.14 55 3 3 1556
252.09 251.48 249.14 248.76 55 3 3 1557
251.48 249.14 248.76 246.31 55 3 3 1558
249.14 248.76 246.31 245.40 55 3 3 1559
248.76 246.31 245.40 242.55 55 3 3 1560
246.31 245.40 242.55 240.26 55 3 3 1561
245.40 242.55 240.26 238.30 55 3 3 1562
242.55 240.26 238.30 237.13 55 3 3 1563
240.26 238.30 237.13 236.53 55 3 3 1564
238.30 237.13 236.53 236.70 55 3 3 1565
237.13 236.53 236.70 235.29 55 3 3 1566
236.53 236.70 235.29 233.24 55 3 3 1567
236.70 235.29 233.24 231.15 55 3 3 1568
235.29 233.24 231.15 227.71 55 3 3 1569
233.24 231.15 227.71 225.15 55 3 3 1570
231.15 227.71 225.15 222.81 55 3 3 1571
227.71 225.15 222.81 217.63 55 3 3 1572
225.15 222.81 217.63 212.48 55 3 3 1573
222.81 217.63 212.48 206.05 55 3 3 1574
217.63 212.48 206.05 199.58 55 3 3 1575
212.48 206.05 199.58 195.78 55 3 3 1576
206.05 199.58 195.78 191.97 55 3 3 1577
199.58 195.78 191.97 188.83 55 3 3 1578
195.78 191.97 188.83 187.39 55 3 3 1579
191.97 188.83 187.39 190.56 55 3 3 1580
188.83 187.39 190.56 196.93 55 3 3 1581
187.39 190.56 196.93 207.81 55 3 3 1582
190.56 196.93 207.81 220.96 55 3 3 1583
196.93 207.81 220.96 238.52 55 3 3 1584
207.81 220.96 238.52 257.72 55 3 3 1585
220.96 238.52 257.72 278.57 55 3 3 1586
238.52 257.72 278.57 301.25 55 3 3 1587
257.72 278.57 301.25 327.54 55 3 3 1588
278.57 301.25 327.54 351.79 55 3 3 1589
301.25 327.54 351.79 377.11 55 3 3 1590
327.54 351.79 377.11 399.93 55 3 3 1591
351.79 377.11 399.93 430.52 55 3 3 1592
377.11 399.93 430.52 458.17 55 3 3 1593
399.93 430.52 458.17 476.15 55 3 3 1594
430.52 458.17 476.15 477.70 55 3 3 1595
458.17 476.15 477.70 451.72 55 3 3 1596
476.15 477.70 451.72 437.32 55 3 3 1597
477.70 451.72 437.32 405.14 55 3 3 1598
451.72 437.32 405.14 347.80 55 3 3 1599
437.32 405.14 347.80 290.84 55 3 3 1600
405.14 347.80 290.84 244.09 55 3 3 1601
347.80 290.84 244.09 219.93 55 3 3 1602
290.84 244.09 219.93 203.33 55 3 3 1603
244.09 219.93 203.33 191.11 55 3 3 1604
219.93 203.33 191.11 163.74 55 3 3 1605
203.33 191.11 163.74 129.31 55 3 3 1606
191.11 163.74 129.31 098.45 55 3 3 1607
163.74 129.31 098.45 079.44 55 3 3 1608
129.31 098.45 079.44 058.28 55 3 3 1609
098.45 079.44 058.28 016.00 56 1 3 1610
079.44 058.28 016.00 004.83 56 1 1 1611
058.28 016.00 004.83 008.11 56 1 1 1612
016.00 004.83 008.11 006.49 56 1 1 1613
004.83 008.11 006.49 009.22 56 1 1 1614
008.11 006.49 009.22 007.98 56 1 1 1615
006.49 009.22 007.98 010.61 57 0 0 1616
009.22 007.98 010.61 008.83 57 0 0 1617
007.98 010.61 008.83 010.89 57 0 0 1618
010.61 008.83 010.89 008.42 57 0 0 1619
008.83 010.89 008.42 010.43 57 0 0 1620
010.89 008.42 010.43 007.55 57 0 0 1621
008.42 010.43 007.55 010.52 57 0 0 1622
010.43 007.55 010.52 007.73 57 0 0 1623
007.55 010.52 007.73 010.85 57 0 0 1624
010.52 007.73 010.85 008.04 57 0 0 1625
007.73 010.85 008.04 010.70 57 0 0 1626
010.85 008.04 010.70 007.91 57 0 0 1627
008.04 010.70 007.91 010.80 57 0 0 1628
010.70 007.91 010.80 007.37 57 0 0 1629
007.91 010.80 007.37 010.43 57 0 0 1630
010.80 007.37 010.43 007.09 57 0 0 1631
007.37 010.43 007.09 010.38 57 0 0 1632
010.43 007.09 010.38 006.98 57 0 0 1633
007.09 010.38 006.98 010.50 57 0 0 1634
010.38 006.98 010.50 006.83 57 0 0 1635
006.98 010.50 006.83 010.03 57 0 0 1636
010.50 006.83 010.03 006.80 57 0 0 1637
006.83 010.03 006.80 010.05 57 0 0 1638
010.03 006.80 010.05 006.10 57 0 0 1639
006.80 010.05 006.10 009.55 57 0 0 1640
010.05 006.10 009.55 005.76 57 0 0 1641
006.10 009.55 005.76 008.68 57 0 0 1642
009.55 005.76 008.68 005.06 57 0 0 1643
005.76 008.68 005.06 009.67 57 0 0 1644
008.68 005.06 009.67 005.23 57 0 0 1645
005.06 009.67 005.23 009.75 57 0 0 1646
009.67 005.23 009.75 005.65 57 0 0 1647
005.23 009.75 005.65 011.30 57 0 0 1648
009.75 005.65 011.30 008.20 57 0 0 1649
005.65 011.30 008.20 014.06 58 2 0 1650
011.30 008.20 014.06 013.28 58 2 0 1651
008.20 014.06 013.28 018.17 58 2 2 1652
014.06 013.28 018.17 016.01 58 2 2 1653
013.28 018.17 016.01 034.12 58 2 2 1654
018.17 016.01 034.12 073.25 58 2 2 1655
016.01 034.12 073.25 159.66 59 3 2 1656
034.12 073.25 159.66 204.50 59 3 2 1657
073.25 159.66 204.50 231.40 59 3 3 1658
159.66 204.50 231.40 231.43 59 3 3 1659
204.50 231.40 231.43 250.06 59 3 3 1660
231.40 231.43 250.06 263.60 59 3 3 1661
231.43 250.06 263.60 275.84 59 3 3 1662
250.06 263.60 275.84 278.55 59 3 3 1663
263.60 275.84 278.55 268.29 59 3 3 1664
275.84 278.55 268.29 245.88 59 3 3 1665
278.55 268.29 245.88 248.26 59 3 3 1666
268.29 245.88 248.26 252.97 59 3 3 1667
245.88 248.26 252.97 268.09 59 3 3 1668
248.26 252.97 268.09 269.37 59 3 3 1669
252.97 268.09 269.37 278.26 59 3 3 1670
268.09 269.37 278.26 276.39 59 3 3 1671
269.37 278.26 276.39 283.22 59 3 3 1672
278.26 276.39 283.22 278.00 59 3 3 1673
276.39 283.22 278.00 281.92 59 3 3 1674
283.22 278.00 281.92 276.80 59 3 3 1675
278.00 281.92 276.80 280.35 59 3 3 1676
281.92 276.80 280.35 274.43 59 3 3 1677
276.80 280.35 274.43 278.52 59 3 3 1678
280.35 274.43 278.52 273.38 59 3 3 1679
274.43 278.52 273.38 277.34 59 3 3 1680
278.52 273.38 277.34 272.10 59 3 3 1681
273.38 277.34 272.10 275.56 59 3 3 1682
277.34 272.10 275.56 268.75 59 3 3 1683
272.10 275.56 268.75 269.58 59 3 3 1684
275.56 268.75 269.58 261.81 59 3 3 1685
268.75 269.58 261.81 261.75 59 3 3 1686
269.58 261.81 261.75 253.72 59 3 3 1687
261.81 261.75 253.72 255.06 59 3 3 1688
261.75 253.72 255.06 247.65 59 3 3 1689
253.72 255.06 247.65 249.91 59 3 3 1690
255.06 247.65 249.91 243.63 59 3 3 1691
247.65 249.91 243.63 247.09 59 3 3 1692
249.91 243.63 247.09 239.45 59 3 3 1693
243.63 247.09 239.45 240.24 59 3 3 1694
247.09 239.45 240.24 230.48 59 3 3 1695
239.45 240.24 230.48 231.28 59 3 3 1696
240.24 230.48 231.28 220.01 59 3 3 1697
230.48 231.28 220.01 217.12 59 3 3 1698
231.28 220.01 217.12 204.11 59 3 3 1699
220.01 217.12 204.11 199.73 59 3 3 1700
217.12 204.11 199.73 186.79 59 3 3 1701
204.11 199.73 186.79 187.59 59 3 3 1702
199.73 186.79 187.59 185.01 59 3 3 1703
186.79 187.59 185.01 199.87 59 3 3 1704
187.59 185.01 199.87 208.00 59 3 3 1705
185.01 199.87 208.00 230.22 59 3 3 1706
199.87 208.00 230.22 245.36 59 3 3 1707
208.00 230.22 245.36 273.88 59 3 3 1708
230.22 245.36 273.88 298.94 59 3 3 1709
245.36 273.88 298.94 336.62 59 3 3 1710
273.88 298.94 336.62 360.57 59 3 3 1711
298.94 336.62 360.57 395.82 59 3 3 1712
336.62 360.57 395.82 422.58 59 3 3 1713
360.57 395.82 422.58 460.42 59 3 3 1714
395.82 422.58 460.42 475.80 59 3 3 1715
422.58 460.42 475.80 476.95 59 3 3 1716
460.42 475.80 476.95 456.85 59 3 3 1717
475.80 476.95 456.85 439.61 59 3 3 1718
476.95 456.85 439.61 387.21 59 3 3 1719
456.85 439.61 387.21 327.19 59 3 3 1720
439.61 387.21 327.19 267.45 59 3 3 1721
387.21 327.19 267.45 241.83 59 3 3 1722
327.19 267.45 241.83 217.64 59 3 3 1723
267.45 241.83 217.64 206.16 59 3 3 1724
241.83 217.64 206.16 166.89 59 3 3 1725
217.64 206.16 166.89 126.29 59 3 3 1726
206.16 166.89 126.29 089.77 59 3 3 1727
166.89 126.29 089.77 072.01 59 3 3 1728
126.29 089.77 072.01 050.72 59 3 3 1729
089.77 072.01 050.72 016.79 60 1 3 1730
072.01 050.72 016.79 -00.57 60 1 1 1731
050.72 016.79 -00.57 004.92 60 1 1 1732
016.79 -00.57 004.92 -00.33 60 1 1 1733
-00.57 004.92 -00.33 005.17 60 1 1 1734
004.92 -00.33 005.17 001.69 60 1 1 1735
-00.33 005.17 001.69 006.63 61 0 0 1736
005.17 001.69 006.63 002.50 61 0 0 1737
001.69 006.63 002.50 006.27 61 0 0 1738
006.63 002.50 006.27 001.94 61 0 0 1739
002.50 006.27 001.94 005.71 61 0 0 1740
006.27 001.94 005.71 001.56 61 0 0 1741
001.94 005.71 001.56 005.98 61 0 0 1742
005.71 001.56 005.98 002.19 61 0 0 1743
001.56 005.98 002.19 006.20 61 0 0 1744
005.98 002.19 006.20 002.38 61 0 0 1745
002.19 006.20 002.38 005.88 61 0 0 1746
006.20 002.38 005.88 002.12 61 0 0 1747
002.38 005.88 002.12 006.38 61 0 0 1748
005.88 002.12 006.38 002.99 61 0 0 1749
002.12 006.38 002.99 006.76 61 0 0 1750
006.38 002.99 006.76 002.88 61 0 0 1751
002.99 006.76 002.88 006.64 61 0 0 1752
006.76 002.88 006.64 004.08 61 0 0 1753
002.88 006.64 004.08 006.92 61 0 0 1754
006.64 004.08 006.92 002.81 61 0 0 1755
004.08 006.92 002.81 006.80 61 0 0 1756
006.92 002.81 006.80 003.04 61 0 0 1757
002.81 006.80 003.04 007.22 61 0 0 1758
006.80 003.04 007.22 004.64 61 0 0 1759
003.04 007.22 004.64 009.48 61 0 0 1760
007.22 004.64 009.48 006.35 61 0 0 1761
004.64 009.48 006.35 010.46 61 0 0 1762
009.48 006.35 010.46 006.87 61 0 0 1763
006.35 010.46 006.87 010.65 61 0 0 1764
010.46 006.87 010.65 006.56 61 0 0 1765
006.87 010.65 006.56 010.32 61 0 0 1766
010.65 006.56 010.32 006.26 61 0 0 1767
006.56 010.32 006.26 010.05 61 0 0 1768
010.32 006.26 010.05 006.90 61 0 0 1769
006.26 010.05 006.90 011.67 62 2 0 1770
010.05 006.90 011.67 008.63 62 2 0 1771
006.90 011.67 008.63 012.76 62 2 2 1772
011.67 008.63 012.76 014.60 62 2 2 1773
008.63 012.76 014.60 025.29 62 2 2 1774
012.76 014.60 025.29 049.61 62 2 2 1775
014.60 025.29 049.61 097.13 63 3 2 1776
025.29 049.61 097.13 146.92 63 3 2 1777
049.61 097.13 146.92 176.43 63 3 3 1778
097.13 146.92 176.43 198.57 63 3 3 1779
146.92 176.43 198.57 244.98 63 3 3 1780
176.43 198.57 244.98 270.95 63 3 3 1781
198.57 244.98 270.95 260.67 63 3 3 1782
244.98 270.95 260.67 242.73 63 3 3 1783
270.95 260.67 242.73 238.08 63 3 3 1784
260.67 242.73 238.08 230.23 63 3 3 1785
242.73 238.08 230.23 233.38 63 3 3 1786
238.08 230.23 233.38 235.58 63 3 3 1787
230.23 233.38 235.58 246.86 63 3 3 1788
233.38 235.58 246.86 249.25 63 3 3 1789
235.58 246.86 249.25 255.75 63 3 3 1790
246.86 249.25 255.75 255.51 63 3 3 1791
249.25 255.75 255.51 258.45 63 3 3 1792
255.75 255.51 258.45 255.86 63 3 3 1793
255.51 258.45 255.86 257.13 63 3 3 1794
258.45 255.86 257.13 254.65 63 3 3 1795
255.86 257.13 254.65 255.20 63 3 3 1796
257.13 254.65 255.20 251.03 63 3 3 1797
254.65 255.20 251.03 248.18 63 3 3 1798
255.20 251.03 248.18 242.29 63 3 3 1799
251.03 248.18 242.29 239.84 63 3 3 1800
248.18 242.29 239.84 232.55 63 3 3 1801
242.29 239.84 232.55 229.53 63 3 3 1802
239.84 232.55 229.53 221.37 63 3 3 1803
232.55 229.53 221.37 216.81 63 3 3 1804
229.53 221.37 216.81 210.89 63 3 3 1805
221.37 216.81 210.89 207.76 63 3 3 1806
216.81 210.89 207.76 200.92 63 3 3 1807
210.89 207.76 200.92 197.07 63 3 3 1808
207.76 200.92 197.07 190.89 63 3 3 1809
200.92 197.07 190.89 188.23 63 3 3 1810
197.07 190.89 188.23 183.44 63 3 3 1811
190.89 188.23 183.44 182.75 63 3 3 1812
188.23 183.44 182.75 179.55 63 3 3 1813
183.44 182.75 179.55 179.81 63 3 3 1814
182.75 179.55 179.81 180.34 63 3 3 1815
179.55 179.81 180.34 184.50 63 3 3 1816
179.81 180.34 184.50 187.70 63 3 3 1817
180.34 184.50 187.70 193.86 63 3 3 1818
184.50 187.70 193.86 197.74 63 3 3 1819
187.70 193.86 197.74 204.43 63 3 3 1820
193.86 197.74 204.43 209.79 63 3 3 1821
197.74 204.43 209.79 218.05 63 3 3 1822
204.43 209.79 218.05 225.86 63 3 3 1823
209.79 218.05 225.86 236.11 63 3 3 1824
218.05 225.86 236.11 249.47 63 3 3 1825
225.86 236.11 249.47 266.37 63 3 3 1826
236.11 249.47 266.37 287.96 63 3 3 1827
249.47 266.37 287.96 316.15 63 3 3 1828
266.37 287.96 316.15 346.60 63 3 3 1829
287.96 316.15 346.60 377.22 63 3 3 1830
316.15 346.60 377.22 409.57 63 3 3 1831
346.60 377.22 409.57 451.96 63 3 3 1832
377.22 409.57 451.96 485.09 63 3 3 1833
409.57 451.96 485.09 498.94 63 3 3 1834
451.96 485.09 498.94 487.64 63 3 3 1835
485.09 498.94 487.64 472.49 63 3 3 1836
498.94 487.64 472.49 451.97 63 3 3 1837
487.64 472.49 451.97 435.39 63 3 3 1838
472.49 451.97 435.39 384.07 63 3 3 1839
451.97 435.39 384.07 322.40 63 3 3 1840
435.39 384.07 322.40 273.98 63 3 3 1841
384.07 322.40 273.98 245.41 63 3 3 1842
322.40 273.98 245.41 227.05 63 3 3 1843
273.98 245.41 227.05 211.44 63 3 3 1844
245.41 227.05 211.44 172.42 63 3 3 1845
227.05 211.44 172.42 125.90 63 3 3 1846
211.44 172.42 125.90 096.83 63 3 3 1847
172.42 125.90 096.83 073.43 63 3 3 1848
125.90 096.83 073.43 061.87 63 3 3 1849
096.83 073.43 061.87 038.71 64 1 3 1850
073.43 061.87 038.71 004.77 64 1 1 1851
061.87 038.71 004.77 005.01 64 1 1 1852
038.71 004.77 005.01 005.75 64 1 1 1853
004.77 005.01 005.75 005.45 64 1 1 1854
005.01 005.75 005.45 007.60 64 1 1 1855
005.75 005.45 007.60 006.63 65 0 0 1856
005.45 007.60 006.63 008.64 65 0 0 1857
007.60 006.63 008.64 007.10 65 0 0 1858
006.63 008.64 007.10 008.89 65 0 0 1859
008.64 007.10 008.89 006.88 65 0 0 1860
007.10 008.89 006.88 007.85 65 0 0 1861
008.89 006.88 007.85 006.64 65 0 0 1862
006.88 007.85 006.64 008.24 65 0 0 1863
007.85 006.64 008.24 006.92 65 0 0 1864
006.64 008.24 006.92 009.08 65 0 0 1865
008.24 006.92 009.08 007.15 65 0 0 1866
006.92 009.08 007.15 009.56 65 0 0 1867
009.08 007.15 009.56 007.69 65 0 0 1868
007.15 009.56 007.69 010.32 65 0 0 1869
009.56 007.69 010.32 008.07 65 0 0 1870
007.69 010.32 008.07 009.77 65 0 0 1871
010.32 008.07 009.77 007.14 65 0 0 1872
008.07 009.77 007.14 009.12 65 0 0 1873
009.77 007.14 009.12 006.70 65 0 0 1874
007.14 009.12 006.70 008.56 65 0 0 1875
009.12 006.70 008.56 006.28 65 0 0 1876
006.70 008.56 006.28 008.81 65 0 0 1877
008.56 006.28 008.81 006.63 65 0 0 1878
006.28 008.81 006.63 008.96 65 0 0 1879
008.81 006.63 008.96 006.22 65 0 0 1880
006.63 008.96 006.22 008.92 65 0 0 1881
008.96 006.22 008.92 006.33 65 0 0 1882
006.22 008.92 006.33 009.29 65 0 0 1883
008.92 006.33 009.29 006.08 65 0 0 1884
006.33 009.29 006.08 009.33 65 0 0 1885
009.29 006.08 009.33 006.12 65 0 0 1886
006.08 009.33 006.12 009.42 65 0 0 1887
009.33 006.12 009.42 005.40 65 0 0 1888
006.12 009.42 005.40 009.54 65 0 0 1889
009.42 005.40 009.54 006.97 65 0 0 1890
005.40 009.54 006.97 012.25 65 0 0 1891
009.54 006.97 012.25 010.36 66 2 0 1892
006.97 012.25 010.36 018.05 66 2 0 1893
012.25 010.36 018.05 014.79 66 2 2 1894
010.36 018.05 014.79 026.31 66 2 2 1895
018.05 014.79 026.31 043.64 66 2 2 1896
014.79 026.31 043.64 098.28 66 2 2 1897
026.31 043.64 098.28 161.89 67 3 2 1898
043.64 098.28 161.89 205.16 67 3 2 1899
098.28 161.89 205.16 214.42 67 3 3 1900
161.89 205.16 214.42 235.24 67 3 3 1901
205.16 214.42 235.24 255.09 67 3 3 1902
214.42 235.24 255.09 279.94 67 3 3 1903
235.24 255.09 279.94 301.54 67 3 3 1904
255.09 279.94 301.54 303.94 67 3 3 1905
279.94 301.54 303.94 280.34 67 3 3 1906
301.54 303.94 280.34 271.22 67 3 3 1907
303.94 280.34 271.22 263.65 67 3 3 1908
280.34 271.22 263.65 271.77 67 3 3 1909
271.22 263.65 271.77 270.46 67 3 3 1910
263.65 271.77 270.46 274.38 67 3 3 1911
271.77 270.46 274.38 268.45 67 3 3 1912
270.46 274.38 268.45 269.97 67 3 3 1913
274.38 268.45 269.97 263.74 67 3 3 1914
268.45 269.97 263.74 265.93 67 3 3 1915
269.97 263.74 265.93 260.15 67 3 3 1916
263.74 265.93 260.15 261.71 67 3 3 1917
265.93 260.15 261.71 254.22 67 3 3 1918
260.15 261.71 254.22 255.20 67 3 3 1919
261.71 254.22 255.20 247.50 67 3 3 1920
