190.14 184.97 178.47 175.29 01 3 3 0004
184.97 178.47 175.29 169.36 01 3 3 0005
178.47 175.29 169.36 168.10 01 3 3 0006
175.29 169.36 168.10 166.35 01 3 3 0007
169.36 168.10 166.35 168.25 01 3 3 0008
168.10 166.35 168.25 170.32 01 3 3 0009
166.35 168.25 170.32 175.40 01 3 3 0010
168.25 170.32 175.40 179.18 01 3 3 0011
170.32 175.40 179.18 185.22 01 3 3 0012
175.40 179.18 185.22 190.67 01 3 3 0013
179.18 185.22 190.67 200.54 01 3 3 0014
185.22 190.67 200.54 210.38 01 3 3 0015
190.67 200.54 210.38 223.37 01 3 3 0016
200.54 210.38 223.37 234.97 01 3 3 0017
210.38 223.37 234.97 252.41 01 3 3 0018
223.37 234.97 252.41 269.88 01 3 3 0019
234.97 252.41 269.88 291.97 01 3 3 0020
252.41 269.88 291.97 312.86 01 3 3 0021
269.88 291.97 312.86 340.94 01 3 3 0022
291.97 312.86 340.94 369.46 01 3 3 0023
312.86 340.94 369.46 404.66 01 3 3 0024
340.94 369.46 404.66 431.38 01 3 3 0025
369.46 404.66 431.38 454.29 01 3 3 0026
404.66 431.38 454.29 470.76 01 3 3 0027
431.38 454.29 470.76 474.09 01 3 3 0028
454.29 470.76 474.09 465.64 01 3 3 0029
470.76 474.09 465.64 458.63 01 3 3 0030
474.09 465.64 458.63 436.74 01 3 3 0031
465.64 458.63 436.74 397.15 01 3 3 0032
458.63 436.74 397.15 364.71 01 3 3 0033
436.74 397.15 364.71 319.48 01 3 3 0034
397.15 364.71 319.48 265.69 01 3 3 0035
364.71 319.48 265.69 227.03 01 3 3 0036
319.48 265.69 227.03 204.25 01 3 3 0037
265.69 227.03 204.25 185.91 01 3 3 0038
227.03 204.25 185.91 138.31 01 3 3 0039
204.25 185.91 138.31 097.79 01 3 3 0040
185.91 138.31 097.79 072.99 01 3 3 0041
138.31 097.79 072.99 054.97 01 3 3 0042
097.79 072.99 054.97 039.74 02 1 3 0043
072.99 054.97 039.74 029.21 02 1 1 0044
054.97 039.74 029.21 008.54 02 1 1 0045
039.74 029.21 008.54 001.13 02 1 1 0046
029.21 008.54 001.13 002.29 02 1 1 0047
008.54 001.13 002.29 003.07 02 1 1 0048
001.13 002.29 003.07 003.28 03 0 0 0049
002.29 003.07 003.28 003.99 03 0 0 0050
003.07 003.28 003.99 003.67 03 0 0 0051
003.28 003.99 003.67 004.93 03 0 0 0052
003.99 003.67 004.93 004.13 03 0 0 0053
003.67 004.93 004.13 004.82 03 0 0 0054
004.93 004.13 004.82 004.10 03 0 0 0055
004.13 004.82 004.10 005.14 03 0 0 0056
004.82 004.10 005.14 004.39 03 0 0 0057
004.10 005.14 004.39 004.75 03 0 0 0058
005.14 004.39 004.75 004.15 03 0 0 0059
004.39 004.75 004.15 004.98 03 0 0 0060
004.75 004.15 004.98 004.15 03 0 0 0061
004.15 004.98 004.15 004.60 03 0 0 0062
004.98 004.15 004.60 004.22 03 0 0 0063
004.15 004.60 004.22 005.10 03 0 0 0064
004.60 004.22 005.10 003.95 03 0 0 0065
004.22 005.10 003.95 005.26 03 0 0 0066
005.10 003.95 005.26 004.14 03 0 0 0067
003.95 005.26 004.14 004.23 03 0 0 0068
005.26 004.14 004.23 002.51 03 0 0 0069
004.14 004.23 002.51 004.96 03 0 0 0070
004.23 002.51 004.96 002.75 03 0 0 0071
002.51 004.96 002.75 004.06 03 0 0 0072
004.96 002.75 004.06 002.15 03 0 0 0073
002.75 004.06 002.15 004.26 03 0 0 0074
004.06 002.15 004.26 002.42 03 0 0 0075
002.15 004.26 002.42 004.58 03 0 0 0076
004.26 002.42 004.58 002.60 03 0 0 0077
002.42 004.58 002.60 006.09 03 0 0 0078
004.58 002.60 006.09 003.69 03 0 0 0079
002.60 006.09 003.69 006.22 03 0 0 0080
006.09 003.69 006.22 004.61 04 2 0 0081
003.69 006.22 004.61 010.85 04 2 0 0082
006.22 004.61 010.85 008.90 04 2 2 0083
004.61 010.85 008.90 018.28 04 2 2 0084
010.85 008.90 018.28 037.10 04 2 2 0085
008.90 018.28 037.10 075.51 04 2 2 0086
018.28 037.10 075.51 111.77 05 3 2 0087
037.10 075.51 111.77 160.21 05 3 2 0088
075.51 111.77 160.21 197.30 05 3 3 0089
111.77 160.21 197.30 234.43 05 3 3 0090
160.21 197.30 234.43 237.09 05 3 3 0091
197.30 234.43 237.09 225.60 05 3 3 0092
234.43 237.09 225.60 230.50 05 3 3 0093
237.09 225.60 230.50 234.31 05 3 3 0094
225.60 230.50 234.31 230.34 05 3 3 0095
230.50 234.31 230.34 233.36 05 3 3 0096
234.31 230.34 233.36 233.26 05 3 3 0097
230.34 233.36 233.26 236.83 05 3 3 0098
233.36 233.26 236.83 236.46 05 3 3 0099
233.26 236.83 236.46 239.27 05 3 3 0100
236.83 236.46 239.27 238.18 05 3 3 0101
236.46 239.27 238.18 240.92 05 3 3 0102
239.27 238.18 240.92 238.71 05 3 3 0103
238.18 240.92 238.71 240.08 05 3 3 0104
240.92 238.71 240.08 237.76 05 3 3 0105
238.71 240.08 237.76 240.33 05 3 3 0106
240.08 237.76 240.33 239.21 05 3 3 0107
237.76 240.33 239.21 240.26 05 3 3 0108
240.33 239.21 240.26 236.13 05 3 3 0109
239.21 240.26 236.13 231.16 05 3 3 0110
240.26 236.13 231.16 223.64 05 3 3 0111
236.13 231.16 223.64 220.04 05 3 3 0112
231.16 223.64 220.04 211.45 05 3 3 0113
223.64 220.04 211.45 208.17 05 3 3 0114
220.04 211.45 208.17 203.25 05 3 3 0115
211.45 208.17 203.25 201.71 05 3 3 0116
208.17 203.25 201.71 196.88 05 3 3 0117
203.25 201.71 196.88 194.83 05 3 3 0118
201.71 196.88 194.83 189.48 05 3 3 0119
196.88 194.83 189.48 187.80 05 3 3 0120
194.83 189.48 187.80 182.90 05 3 3 0121
189.48 187.80 182.90 182.78 05 3 3 0122
187.80 182.90 182.78 181.81 05 3 3 0123
182.90 182.78 181.81 186.47 05 3 3 0124
182.78 181.81 186.47 192.65 05 3 3 0125
181.81 186.47 192.65 202.67 05 3 3 0126
186.47 192.65 202.67 209.10 05 3 3 0127
192.65 202.67 209.10 219.66 05 3 3 0128
202.67 209.10 219.66 228.63 05 3 3 0129
209.10 219.66 228.63 241.88 05 3 3 0130
219.66 228.63 241.88 256.63 05 3 3 0131
228.63 241.88 256.63 275.28 05 3 3 0132
241.88 256.63 275.28 291.81 05 3 3 0133
256.63 275.28 291.81 311.11 05 3 3 0134
275.28 291.81 311.11 327.35 05 3 3 0135
291.81 311.11 327.35 347.10 05 3 3 0136
311.11 327.35 347.10 364.33 05 3 3 0137
327.35 347.10 364.33 385.38 05 3 3 0138
347.10 364.33 385.38 410.39 05 3 3 0139
364.33 385.38 410.39 438.44 05 3 3 0140
385.38 410.39 438.44 457.47 05 3 3 0141
410.39 438.44 457.47 476.68 05 3 3 0142
438.44 457.47 476.68 492.42 05 3 3 0143
457.47 476.68 492.42 498.43 05 3 3 0144
476.68 492.42 498.43 476.83 05 3 3 0145
492.42 498.43 476.83 458.02 05 3 3 0146
498.43 476.83 458.02 420.59 05 3 3 0147
476.83 458.02 420.59 380.94 05 3 3 0148
458.02 420.59 380.94 331.61 05 3 3 0149
420.59 380.94 331.61 278.61 05 3 3 0150
380.94 331.61 278.61 236.16 05 3 3 0151
331.61 278.61 236.16 204.28 05 3 3 0152
278.61 236.16 204.28 188.26 05 3 3 0153
236.16 204.28 188.26 170.44 05 3 3 0154
204.28 188.26 170.44 128.90 05 3 3 0155
188.26 170.44 128.90 098.44 05 3 3 0156
170.44 128.90 098.44 076.21 05 3 3 0157
128.90 098.44 076.21 060.95 05 3 3 0158
098.44 076.21 060.95 046.33 06 1 3 0159
076.21 060.95 046.33 010.10 06 1 1 0160
060.95 046.33 010.10 003.76 06 1 1 0161
046.33 010.10 003.76 004.62 06 1 1 0162
010.10 003.76 004.62 005.60 06 1 1 0163
003.76 004.62 005.60 006.41 06 1 1 0164
004.62 005.60 006.41 007.09 07 0 0 0165
005.60 006.41 007.09 007.10 07 0 0 0166
006.41 007.09 007.10 007.52 07 0 0 0167
007.09 007.10 007.52 007.09 07 0 0 0168
007.10 007.52 007.09 007.42 07 0 0 0169
007.52 007.09 007.42 006.60 07 0 0 0170
007.09 007.42 006.60 007.09 07 0 0 0171
007.42 006.60 007.09 006.89 07 0 0 0172
006.60 007.09 006.89 007.38 07 0 0 0173
007.09 006.89 007.38 007.02 07 0 0 0174
006.89 007.38 007.02 007.59 07 0 0 0175
007.38 007.02 007.59 006.82 07 0 0 0176
007.02 007.59 006.82 007.95 07 0 0 0177
007.59 006.82 007.95 006.68 07 0 0 0178
006.82 007.95 006.68 007.81 07 0 0 0179
007.95 006.68 007.81 007.14 07 0 0 0180
006.68 007.81 007.14 007.66 07 0 0 0181
007.81 007.14 007.66 006.87 07 0 0 0182
007.14 007.66 006.87 007.34 07 0 0 0183
007.66 006.87 007.34 006.45 07 0 0 0184
006.87 007.34 006.45 007.36 07 0 0 0185
007.34 006.45 007.36 005.80 07 0 0 0186
006.45 007.36 005.80 006.30 07 0 0 0187
007.36 005.80 006.30 005.30 07 0 0 0188
005.80 006.30 005.30 006.07 07 0 0 0189
006.30 005.30 006.07 005.82 07 0 0 0190
005.30 006.07 005.82 006.69 07 0 0 0191
006.07 005.82 006.69 006.20 07 0 0 0192
005.82 006.69 006.20 006.82 07 0 0 0193
006.69 006.20 006.82 006.26 07 0 0 0194
006.20 006.82 006.26 007.79 07 0 0 0195
006.82 006.26 007.79 007.64 07 0 0 0196
006.26 007.79 007.64 009.39 07 0 0 0197
007.79 007.64 009.39 008.90 08 2 0 0198
007.64 009.39 008.90 013.23 08 2 0 0199
009.39 008.90 013.23 012.64 08 2 2 0200
008.90 013.23 012.64 023.56 08 2 2 0201
013.23 012.64 023.56 043.49 08 2 2 0202
012.64 023.56 043.49 097.92 08 2 2 0203
023.56 043.49 097.92 160.01 09 3 2 0204
043.49 097.92 160.01 186.75 09 3 2 0205
097.92 160.01 186.75 192.78 09 3 3 0206
160.01 186.75 192.78 208.87 09 3 3 0207
186.75 192.78 208.87 240.74 09 3 3 0208
192.78 208.87 240.74 266.83 09 3 3 0209
208.87 240.74 266.83 255.25 09 3 3 0210
240.74 266.83 255.25 246.39 09 3 3 0211
266.83 255.25 246.39 250.29 09 3 3 0212
255.25 246.39 250.29 252.39 09 3 3 0213
246.39 250.29 252.39 252.86 09 3 3 0214
250.29 252.39 252.86 257.27 09 3 3 0215
252.39 252.86 257.27 259.19 09 3 3 0216
252.86 257.27 259.19 263.19 09 3 3 0217
257.27 259.19 263.19 262.60 09 3 3 0218
259.19 263.19 262.60 263.78 09 3 3 0219
263.19 262.60 263.78 262.53 09 3 3 0220
262.60 263.78 262.53 262.58 09 3 3 0221
263.78 262.53 262.58 260.15 09 3 3 0222
262.53 262.58 260.15 260.80 09 3 3 0223
262.58 260.15 260.80 259.29 09 3 3 0224
260.15 260.80 259.29 258.98 09 3 3 0225
260.80 259.29 258.98 254.20 09 3 3 0226
259.29 258.98 254.20 249.53 09 3 3 0227
258.98 254.20 249.53 241.84 09 3 3 0228
254.20 249.53 241.84 237.33 09 3 3 0229
249.53 241.84 237.33 230.67 09 3 3 0230
241.84 237.33 230.67 227.22 09 3 3 0231
237.33 230.67 227.22 221.62 09 3 3 0232
230.67 227.22 221.62 218.91 09 3 3 0233
227.22 221.62 218.91 213.12 09 3 3 0234
221.62 218.91 213.12 209.22 09 3 3 0235
218.91 213.12 209.22 202.26 09 3 3 0236
213.12 209.22 202.26 197.89 09 3 3 0237
209.22 202.26 197.89 191.38 09 3 3 0238
202.26 197.89 191.38 190.73 09 3 3 0239
197.89 191.38 190.73 187.36 09 3 3 0240
191.38 190.73 187.36 188.38 09 3 3 0241
190.73 187.36 188.38 187.21 09 3 3 0242
187.36 188.38 187.21 190.97 09 3 3 0243
188.38 187.21 190.97 193.97 09 3 3 0244
187.21 190.97 193.97 202.37 09 3 3 0245
190.97 193.97 202.37 207.10 09 3 3 0246
193.97 202.37 207.10 216.32 09 3 3 0247
202.37 207.10 216.32 222.48 09 3 3 0248
207.10 216.32 222.48 233.96 09 3 3 0249
216.32 222.48 233.96 244.36 09 3 3 0250
222.48 233.96 244.36 261.14 09 3 3 0251
233.96 244.36 261.14 276.95 09 3 3 0252
244.36 261.14 276.95 297.59 09 3 3 0253
261.14 276.95 297.59 317.18 09 3 3 0254
276.95 297.59 317.18 343.22 09 3 3 0255
297.59 317.18 343.22 367.28 09 3 3 0256
317.18 343.22 367.28 396.43 09 3 3 0257
343.22 367.28 396.43 422.83 09 3 3 0258
367.28 396.43 422.83 454.65 09 3 3 0259
396.43 422.83 454.65 477.32 09 3 3 0260
422.83 454.65 477.32 491.23 09 3 3 0261
454.65 477.32 491.23 484.13 09 3 3 0262
477.32 491.23 484.13 459.04 09 3 3 0263
491.23 484.13 459.04 429.12 09 3 3 0264
484.13 459.04 429.12 386.12 09 3 3 0265
459.04 429.12 386.12 340.11 09 3 3 0266
429.12 386.12 340.11 294.28 09 3 3 0267
386.12 340.11 294.28 245.17 09 3 3 0268
340.11 294.28 245.17 210.11 09 3 3 0269
294.28 245.17 210.11 187.34 09 3 3 0270
245.17 210.11 187.34 178.23 09 3 3 0271
210.11 187.34 178.23 147.19 09 3 3 0272
187.34 178.23 147.19 114.40 09 3 3 0273
178.23 147.19 114.40 086.58 09 3 3 0274
147.19 114.40 086.58 068.76 09 3 3 0275
114.40 086.58 068.76 053.24 09 3 3 0276
086.58 068.76 053.24 031.97 10 1 3 0277
068.76 053.24 031.97 001.49 10 1 1 0278
053.24 031.97 001.49 006.87 10 1 1 0279
031.97 001.49 006.87 003.71 10 1 1 0280
001.49 006.87 003.71 007.49 10 1 1 0281
006.87 003.71 007.49 005.32 10 1 1 0282
003.71 007.49 005.32 008.58 11 0 0 0283
007.49 005.32 008.58 006.46 11 0 0 0284
005.32 008.58 006.46 009.05 11 0 0 0285
008.58 006.46 009.05 006.54 11 0 0 0286
006.46 009.05 006.54 008.94 11 0 0 0287
009.05 006.54 008.94 006.36 11 0 0 0288
006.54 008.94 006.36 008.28 11 0 0 0289
008.94 006.36 008.28 006.24 11 0 0 0290
006.36 008.28 006.24 008.61 11 0 0 0291
008.28 006.24 008.61 006.10 11 0 0 0292
006.24 008.61 006.10 008.91 11 0 0 0293
008.61 006.10 008.91 006.52 11 0 0 0294
006.10 008.91 006.52 009.04 11 0 0 0295
008.91 006.52 009.04 006.58 11 0 0 0296
006.52 009.04 006.58 008.87 11 0 0 0297
009.04 006.58 008.87 006.76 11 0 0 0298
006.58 008.87 006.76 009.17 11 0 0 0299
008.87 006.76 009.17 006.53 11 0 0 0300
006.76 009.17 006.53 008.89 11 0 0 0301
009.17 006.53 008.89 006.06 11 0 0 0302
006.53 008.89 006.06 009.13 11 0 0 0303
008.89 006.06 009.13 005.93 11 0 0 0304
006.06 009.13 005.93 008.65 11 0 0 0305
009.13 005.93 008.65 005.65 11 0 0 0306
005.93 008.65 005.65 009.08 11 0 0 0307
008.65 005.65 009.08 005.73 11 0 0 0308
005.65 009.08 005.73 008.87 11 0 0 0309
009.08 005.73 008.87 005.72 11 0 0 0310
005.73 008.87 005.72 008.99 11 0 0 0311
008.87 005.72 008.99 006.09 12 2 0 0312
005.72 008.99 006.09 009.60 12 2 0 0313
008.99 006.09 009.60 010.91 12 2 2 0314
006.09 009.60 010.91 015.90 12 2 2 0315
009.60 010.91 015.90 028.09 12 2 2 0316
010.91 015.90 028.09 069.73 12 2 2 0317
015.90 028.09 069.73 137.91 13 3 2 0318
028.09 069.73 137.91 205.24 13 3 2 0319
069.73 137.91 205.24 255.36 13 3 3 0320
137.91 205.24 255.36 284.78 13 3 3 0321
205.24 255.36 284.78 294.00 13 3 3 0322
255.36 284.78 294.00 308.43 13 3 3 0323
284.78 294.00 308.43 285.50 13 3 3 0324
294.00 308.43 285.50 264.54 13 3 3 0325
308.43 285.50 264.54 247.95 13 3 3 0326
285.50 264.54 247.95 251.02 13 3 3 0327
264.54 247.95 251.02 247.14 13 3 3 0328
247.95 251.02 247.14 257.32 13 3 3 0329
251.02 247.14 257.32 262.45 13 3 3 0330
247.14 257.32 262.45 273.47 13 3 3 0331
257.32 262.45 273.47 274.23 13 3 3 0332
262.45 273.47 274.23 279.04 13 3 3 0333
273.47 274.23 279.04 276.92 13 3 3 0334
274.23 279.04 276.92 280.60 13 3 3 0335
279.04 276.92 280.60 276.95 13 3 3 0336
276.92 280.60 276.95 277.27 13 3 3 0337
280.60 276.95 277.27 269.19 13 3 3 0338
276.95 277.27 269.19 265.51 13 3 3 0339
277.27 269.19 265.51 255.79 13 3 3 0340
269.19 265.51 255.79 249.72 13 3 3 0341
265.51 255.79 249.72 238.68 13 3 3 0342
255.79 249.72 238.68 233.62 13 3 3 0343
249.72 238.68 233.62 222.47 13 3 3 0344
238.68 233.62 222.47 216.50 13 3 3 0345
233.62 222.47 216.50 204.65 13 3 3 0346
222.47 216.50 204.65 199.57 13 3 3 0347
216.50 204.65 199.57 189.94 13 3 3 0348
204.65 199.57 189.94 186.67 13 3 3 0349
199.57 189.94 186.67 178.70 13 3 3 0350
189.94 186.67 178.70 178.95 13 3 3 0351
186.67 178.70 178.95 176.98 13 3 3 0352
178.70 178.95 176.98 182.67 13 3 3 0353
178.95 176.98 182.67 183.13 13 3 3 0354
176.98 182.67 183.13 190.77 13 3 3 0355
182.67 183.13 190.77 197.79 13 3 3 0356
183.13 190.77 197.79 212.21 13 3 3 0357
190.77 197.79 212.21 223.20 13 3 3 0358
197.79 212.21 223.20 240.06 13 3 3 0359
212.21 223.20 240.06 252.86 13 3 3 0360
223.20 240.06 252.86 272.75 13 3 3 0361
240.06 252.86 272.75 289.82 13 3 3 0362
252.86 272.75 289.82 311.17 13 3 3 0363
272.75 289.82 311.17 330.36 13 3 3 0364
289.82 311.17 330.36 356.62 13 3 3 0365
311.17 330.36 356.62 379.12 13 3 3 0366
330.36 356.62 379.12 407.79 13 3 3 0367
356.62 379.12 407.79 427.53 13 3 3 0368
379.12 407.79 427.53 452.12 13 3 3 0369
407.79 427.53 452.12 466.21 13 3 3 0370
427.53 452.12 466.21 484.05 13 3 3 0371
452.12 466.21 484.05 495.82 13 3 3 0372
466.21 484.05 495.82 503.07 13 3 3 0373
484.05 495.82 503.07 471.60 13 3 3 0374
495.82 503.07 471.60 462.13 13 3 3 0375
503.07 471.60 462.13 417.14 13 3 3 0376
471.60 462.13 417.14 368.57 13 3 3 0377
462.13 417.14 368.57 327.24 13 3 3 0378
417.14 368.57 327.24 270.83 13 3 3 0379
368.57 327.24 270.83 218.77 13 3 3 0380
327.24 270.83 218.77 178.63 13 3 3 0381
270.83 218.77 178.63 159.60 13 3 3 0382
218.77 178.63 159.60 146.04 13 3 3 0383
178.63 159.60 146.04 111.92 13 3 3 0384
159.60 146.04 111.92 085.58 13 3 3 0385
146.04 111.92 085.58 062.75 13 3 3 0386
111.92 085.58 062.75 053.75 13 3 3 0387
085.58 062.75 053.75 025.86 14 1 3 0388
062.75 053.75 025.86 004.98 14 1 1 0389
053.75 025.86 004.98 005.32 14 1 1 0390
025.86 004.98 005.32 006.83 14 1 1 0391
004.98 005.32 006.83 006.16 14 1 1 0392
005.32 006.83 006.16 008.81 14 1 1 0393
006.83 006.16 008.81 007.40 15 0 0 0394
006.16 008.81 007.40 009.79 15 0 0 0395
008.81 007.40 009.79 007.52 15 0 0 0396
007.40 009.79 007.52 009.41 15 0 0 0397
009.79 007.52 009.41 007.57 15 0 0 0398
007.52 009.41 007.57 009.55 15 0 0 0399
009.41 007.57 009.55 007.41 15 0 0 0400
007.57 009.55 007.41 009.26 15 0 0 0401
009.55 007.41 009.26 007.49 15 0 0 0402
007.41 009.26 007.49 009.10 15 0 0 0403
009.26 007.49 009.10 007.18 15 0 0 0404
007.49 009.10 007.18 008.96 15 0 0 0405
009.10 007.18 008.96 007.09 15 0 0 0406
007.18 008.96 007.09 008.65 15 0 0 0407
008.96 007.09 008.65 006.85 15 0 0 0408
007.09 008.65 006.85 008.65 15 0 0 0409
008.65 006.85 008.65 007.14 15 0 0 0410
006.85 008.65 007.14 008.81 15 0 0 0411
008.65 007.14 008.81 007.24 15 0 0 0412
007.14 008.81 007.24 008.41 15 0 0 0413
008.81 007.24 008.41 007.03 15 0 0 0414
007.24 008.41 007.03 008.39 15 0 0 0415
008.41 007.03 008.39 006.47 15 0 0 0416
007.03 008.39 006.47 008.20 15 0 0 0417
008.39 006.47 008.20 006.48 15 0 0 0418
006.47 008.20 006.48 008.25 15 0 0 0419
008.20 006.48 008.25 006.29 15 0 0 0420
006.48 008.25 006.29 007.86 15 0 0 0421
008.25 006.29 007.86 006.14 15 0 0 0422
006.29 007.86 006.14 008.39 15 0 0 0423
007.86 006.14 008.39 006.98 15 0 0 0424
006.14 008.39 006.98 008.74 15 0 0 0425
008.39 006.98 008.74 008.04 15 0 0 0426
006.98 008.74 008.04 010.34 16 2 0 0427
008.74 008.04 010.34 010.76 16 2 0 0428
008.04 010.34 010.76 015.89 16 2 2 0429
010.34 010.76 015.89 014.44 16 2 2 0430
010.76 015.89 014.44 024.97 16 2 2 0431
015.89 014.44 024.97 048.33 16 2 2 0432
014.44 024.97 048.33 107.71 17 3 2 0433
024.97 048.33 107.71 209.80 17 3 2 0434
048.33 107.71 209.80 260.43 17 3 3 0435
107.71 209.80 260.43 278.40 17 3 3 0436
209.80 260.43 278.40 308.45 17 3 3 0437
260.43 278.40 308.45 343.41 17 3 3 0438
278.40 308.45 343.41 323.08 17 3 3 0439
308.45 343.41 323.08 294.34 17 3 3 0440
343.41 323.08 294.34 271.48 17 3 3 0441
323.08 294.34 271.48 261.25 17 3 3 0442
294.34 271.48 261.25 257.35 17 3 3 0443
271.48 261.25 257.35 253.66 17 3 3 0444
261.25 257.35 253.66 254.04 17 3 3 0445
257.35 253.66 254.04 252.74 17 3 3 0446
253.66 254.04 252.74 254.34 17 3 3 0447
254.04 252.74 254.34 254.00 17 3 3 0448
252.74 254.34 254.00 255.14 17 3 3 0449
254.34 254.00 255.14 254.44 17 3 3 0450
254.00 255.14 254.44 254.12 17 3 3 0451
255.14 254.44 254.12 250.71 17 3 3 0452
254.44 254.12 250.71 247.96 17 3 3 0453
254.12 250.71 247.96 240.79 17 3 3 0454
250.71 247.96 240.79 234.52 17 3 3 0455
247.96 240.79 234.52 227.21 17 3 3 0456
240.79 234.52 227.21 222.71 17 3 3 0457
234.52 227.21 222.71 215.33 17 3 3 0458
227.21 222.71 215.33 209.79 17 3 3 0459
222.71 215.33 209.79 201.41 17 3 3 0460
215.33 209.79 201.41 197.18 17 3 3 0461
209.79 201.41 197.18 192.99 17 3 3 0462
201.41 197.18 192.99 193.43 17 3 3 0463
197.18 192.99 193.43 195.05 17 3 3 0464
192.99 193.43 195.05 200.46 17 3 3 0465
193.43 195.05 200.46 205.21 17 3 3 0466
195.05 200.46 205.21 211.02 17 3 3 0467
200.46 205.21 211.02 214.99 17 3 3 0468
205.21 211.02 214.99 219.44 17 3 3 0469
211.02 214.99 219.44 222.32 17 3 3 0470
214.99 219.44 222.32 227.25 17 3 3 0471
219.44 222.32 227.25 232.06 17 3 3 0472
222.32 227.25 232.06 240.69 17 3 3 0473
227.25 232.06 240.69 249.06 17 3 3 0474
232.06 240.69 249.06 261.22 17 3 3 0475
240.69 249.06 261.22 274.79 17 3 3 0476
249.06 261.22 274.79 291.30 17 3 3 0477
261.22 274.79 291.30 305.26 17 3 3 0478
274.79 291.30 305.26 322.04 17 3 3 0479
291.30 305.26 322.04 341.77 17 3 3 0480
305.26 322.04 341.77 360.84 17 3 3 0481
322.04 341.77 360.84 378.88 17 3 3 0482
341.77 360.84 378.88 393.77 17 3 3 0483
360.84 378.88 393.77 411.77 17 3 3 0484
378.88 393.77 411.77 427.34 17 3 3 0485
393.77 411.77 427.34 440.60 17 3 3 0486
411.77 427.34 440.60 454.52 17 3 3 0487
427.34 440.60 454.52 470.86 17 3 3 0488
440.60 454.52 470.86 446.49 17 3 3 0489
454.52 470.86 446.49 425.01 17 3 3 0490
470.86 446.49 425.01 416.16 17 3 3 0491
446.49 425.01 416.16 379.52 17 3 3 0492
425.01 416.16 379.52 311.75 17 3 3 0493
416.16 379.52 311.75 267.52 17 3 3 0494
379.52 311.75 267.52 225.85 17 3 3 0495
311.75 267.52 225.85 179.39 17 3 3 0496
267.52 225.85 179.39 139.95 17 3 3 0497
225.85 179.39 139.95 122.19 17 3 3 0498
179.39 139.95 122.19 087.82 17 3 3 0499
139.95 122.19 087.82 056.46 17 3 3 0500
122.19 087.82 056.46 036.11 18 1 3 0501
087.82 056.46 036.11 022.38 18 1 1 0502
056.46 036.11 022.38 014.28 18 1 1 0503
036.11 022.38 014.28 011.80 18 1 1 0504
022.38 014.28 011.80 -01.83 18 1 1 0505
014.28 011.80 -01.83 002.17 18 1 1 0506
011.80 -01.83 002.17 001.45 19 0 0 0507
-01.83 002.17 001.45 003.33 19 0 0 0508
002.17 001.45 003.33 002.71 19 0 0 0509
001.45 003.33 002.71 004.26 19 0 0 0510
003.33 002.71 004.26 003.34 19 0 0 0511
002.71 004.26 003.34 004.26 19 0 0 0512
004.26 003.34 004.26 003.14 19 0 0 0513
003.34 004.26 003.14 004.21 19 0 0 0514
004.26 003.14 004.21 002.86 19 0 0 0515
003.14 004.21 002.86 004.11 19 0 0 0516
004.21 002.86 004.11 002.70 19 0 0 0517
002.86 004.11 002.70 004.40 19 0 0 0518
004.11 002.70 004.40 002.21 19 0 0 0519
002.70 004.40 002.21 003.86 19 0 0 0520
004.40 002.21 003.86 001.98 19 0 0 0521
002.21 003.86 001.98 003.54 19 0 0 0522
003.86 001.98 003.54 001.90 19 0 0 0523
001.98 003.54 001.90 003.52 19 0 0 0524
003.54 001.90 003.52 001.56 19 0 0 0525
001.90 003.52 001.56 003.60 19 0 0 0526
003.52 001.56 003.60 001.62 19 0 0 0527
001.56 003.60 001.62 003.93 19 0 0 0528
003.60 001.62 003.93 001.85 19 0 0 0529
001.62 003.93 001.85 004.11 19 0 0 0530
003.93 001.85 004.11 001.96 19 0 0 0531
001.85 004.11 001.96 003.77 19 0 0 0532
004.11 001.96 003.77 002.48 19 0 0 0533
001.96 003.77 002.48 004.83 19 0 0 0534
003.77 002.48 004.83 002.50 19 0 0 0535
002.48 004.83 002.50 004.51 19 0 0 0536
004.83 002.50 004.51 002.41 19 0 0 0537
002.50 004.51 002.41 004.69 19 0 0 0538
004.51 002.41 004.69 002.34 19 0 0 0539
002.41 004.69 002.34 004.69 19 0 0 0540
004.69 002.34 004.69 002.77 19 0 0 0541
002.34 004.69 002.77 005.57 19 0 0 0542
004.69 002.77 005.57 007.79 20 2 0 0543
002.77 005.57 007.79 011.46 20 2 0 0544
005.57 007.79 011.46 012.49 20 2 2 0545
007.79 011.46 012.49 023.76 20 2 2 0546
011.46 012.49 023.76 038.57 20 2 2 0547
012.49 023.76 038.57 063.44 20 2 2 0548
023.76 038.57 063.44 106.78 21 3 2 0549
038.57 063.44 106.78 144.13 21 3 2 0550
063.44 106.78 144.13 164.29 21 3 3 0551
106.78 144.13 164.29 193.54 21 3 3 0552
144.13 164.29 193.54 213.67 21 3 3 0553
164.29 193.54 213.67 206.99 21 3 3 0554
193.54 213.67 206.99 206.68 21 3 3 0555
213.67 206.99 206.68 210.15 21 3 3 0556
206.99 206.68 210.15 204.38 21 3 3 0557
206.68 210.15 204.38 212.98 21 3 3 0558
210.15 204.38 212.98 219.28 21 3 3 0559
204.38 212.98 219.28 233.13 21 3 3 0560
212.98 219.28 233.13 241.70 21 3 3 0561
219.28 233.13 241.70 252.62 21 3 3 0562
233.13 241.70 252.62 252.88 21 3 3 0563
241.70 252.62 252.88 255.56 21 3 3 0564
252.62 252.88 255.56 253.20 21 3 3 0565
252.88 255.56 253.20 254.04 21 3 3 0566
255.56 253.20 254.04 251.45 21 3 3 0567
253.20 254.04 251.45 252.86 21 3 3 0568
254.04 251.45 252.86 250.02 21 3 3 0569
251.45 252.86 250.02 252.21 21 3 3 0570
252.86 250.02 252.21 248.29 21 3 3 0571
250.02 252.21 248.29 245.04 21 3 3 0572
252.21 248.29 245.04 236.69 21 3 3 0573
248.29 245.04 236.69 231.78 21 3 3 0574
245.04 236.69 231.78 223.94 21 3 3 0575
236.69 231.78 223.94 221.15 21 3 3 0576
231.78 223.94 221.15 215.24 21 3 3 0577
223.94 221.15 215.24 210.86 21 3 3 0578
221.15 215.24 210.86 204.76 21 3 3 0579
215.24 210.86 204.76 203.11 21 3 3 0580
210.86 204.76 203.11 198.03 21 3 3 0581
204.76 203.11 198.03 200.68 21 3 3 0582
203.11 198.03 200.68 199.19 21 3 3 0583
198.03 200.68 199.19 203.46 21 3 3 0584
200.68 199.19 203.46 206.89 21 3 3 0585
199.19 203.46 206.89 215.01 21 3 3 0586
203.46 206.89 215.01 219.74 21 3 3 0587
206.89 215.01 219.74 229.66 21 3 3 0588
215.01 219.74 229.66 235.30 21 3 3 0589
219.74 229.66 235.30 246.48 21 3 3 0590
229.66 235.30 246.48 253.88 21 3 3 0591
235.30 246.48 253.88 268.10 21 3 3 0592
246.48 253.88 268.10 277.94 21 3 3 0593
253.88 268.10 277.94 294.12 21 3 3 0594
268.10 277.94 294.12 306.39 21 3 3 0595
277.94 294.12 306.39 326.71 21 3 3 0596
294.12 306.39 326.71 343.08 21 3 3 0597
306.39 326.71 343.08 364.40 21 3 3 0598
326.71 343.08 364.40 378.71 21 3 3 0599
343.08 364.40 378.71 403.23 21 3 3 0600
364.40 378.71 403.23 429.12 21 3 3 0601
378.71 403.23 429.12 459.90 21 3 3 0602
403.23 429.12 459.90 484.82 21 3 3 0603
429.12 459.90 484.82 509.42 21 3 3 0604
459.90 484.82 509.42 513.75 21 3 3 0605
484.82 509.42 513.75 485.30 21 3 3 0606
509.42 513.75 485.30 469.60 21 3 3 0607
513.75 485.30 469.60 429.36 21 3 3 0608
485.30 469.60 429.36 381.50 21 3 3 0609
469.60 429.36 381.50 336.59 21 3 3 0610
429.36 381.50 336.59 270.48 21 3 3 0611
381.50 336.59 270.48 229.47 21 3 3 0612
336.59 270.48 229.47 195.79 21 3 3 0613
270.48 229.47 195.79 184.22 21 3 3 0614
229.47 195.79 184.22 152.75 21 3 3 0615
195.79 184.22 152.75 113.96 21 3 3 0616
184.22 152.75 113.96 085.48 21 3 3 0617
152.75 113.96 085.48 070.51 21 3 3 0618
113.96 085.48 070.51 057.02 21 3 3 0619
085.48 070.51 057.02 030.88 22 1 3 0620
070.51 057.02 030.88 007.26 22 1 1 0621
057.02 030.88 007.26 013.68 22 1 1 0622
030.88 007.26 013.68 010.60 22 1 1 0623
007.26 013.68 010.60 014.13 22 1 1 0624
013.68 010.60 014.13 011.43 22 1 1 0625
010.60 014.13 011.43 015.56 23 0 0 0626
014.13 011.43 015.56 012.48 23 0 0 0627
011.43 015.56 012.48 015.75 23 0 0 0628
015.56 012.48 015.75 012.46 23 0 0 0629
012.48 015.75 012.46 014.78 23 0 0 0630
015.75 012.46 014.78 011.97 23 0 0 0631
012.46 014.78 011.97 014.27 23 0 0 0632
014.78 011.97 014.27 011.41 23 0 0 0633
011.97 014.27 011.41 014.20 23 0 0 0634
014.27 011.41 014.20 011.46 23 0 0 0635
011.41 014.20 011.46 014.18 23 0 0 0636
014.20 011.46 014.18 011.44 23 0 0 0637
011.46 014.18 011.44 014.12 23 0 0 0638
014.18 011.44 014.12 011.06 23 0 0 0639
011.44 014.12 011.06 014.38 23 0 0 0640
014.12 011.06 014.38 011.40 23 0 0 0641
011.06 014.38 011.40 014.11 23 0 0 0642
014.38 011.40 014.11 011.08 23 0 0 0643
011.40 014.11 011.08 014.61 23 0 0 0644
014.11 011.08 014.61 011.45 23 0 0 0645
011.08 014.61 011.45 014.42 23 0 0 0646
014.61 011.45 014.42 010.83 23 0 0 0647
011.45 014.42 010.83 014.44 23 0 0 0648
014.42 010.83 014.44 011.30 23 0 0 0649
010.83 014.44 011.30 014.70 23 0 0 0650
014.44 011.30 014.70 011.77 23 0 0 0651
011.30 014.70 011.77 015.72 23 0 0 0652
014.70 011.77 015.72 013.10 23 0 0 0653
011.77 015.72 013.10 016.59 23 0 0 0654
015.72 013.10 016.59 013.56 23 0 0 0655
013.10 016.59 013.56 016.50 23 0 0 0656
016.59 013.56 016.50 013.69 23 0 0 0657
013.56 016.50 013.69 017.98 23 0 0 0658
016.50 013.69 017.98 016.15 23 0 0 0659
013.69 017.98 016.15 019.42 24 2 0 0660
017.98 016.15 019.42 016.27 24 2 0 0661
016.15 019.42 016.27 020.02 24 2 2 0662
019.42 016.27 020.02 023.00 24 2 2 0663
016.27 020.02 023.00 031.52 24 2 2 0664
020.02 023.00 031.52 074.55 24 2 2 0665
023.00 031.52 074.55 157.47 25 3 2 0666
031.52 074.55 157.47 194.72 25 3 2 0667
074.55 157.47 194.72 208.52 25 3 3 0668
157.47 194.72 208.52 215.01 25 3 3 0669
194.72 208.52 215.01 244.42 25 3 3 0670
208.52 215.01 244.42 277.54 25 3 3 0671
215.01 244.42 277.54 281.68 25 3 3 0672
244.42 277.54 281.68 261.98 25 3 3 0673
277.54 281.68 261.98 258.55 25 3 3 0674
281.68 261.98 258.55 260.16 25 3 3 0675
261.98 258.55 260.16 267.38 25 3 3 0676
258.55 260.16 267.38 273.76 25 3 3 0677
260.16 267.38 273.76 283.91 25 3 3 0678
267.38 273.76 283.91 286.33 25 3 3 0679
273.76 283.91 286.33 292.38 25 3 3 0680
283.91 286.33 292.38 293.87 25 3 3 0681
286.33 292.38 293.87 300.16 25 3 3 0682
292.38 293.87 300.16 297.35 25 3 3 0683
293.87 300.16 297.35 295.71 25 3 3 0684
300.16 297.35 295.71 284.91 25 3 3 0685
297.35 295.71 284.91 278.46 25 3 3 0686
295.71 284.91 278.46 266.12 25 3 3 0687
284.91 278.46 266.12 259.08 25 3 3 0688
278.46 266.12 259.08 246.22 25 3 3 0689
266.12 259.08 246.22 241.50 25 3 3 0690
259.08 246.22 241.50 232.26 25 3 3 0691
246.22 241.50 232.26 229.26 25 3 3 0692
241.50 232.26 229.26 223.40 25 3 3 0693
232.26 229.26 223.40 223.07 25 3 3 0694
229.26 223.40 223.07 217.58 25 3 3 0695
223.40 223.07 217.58 218.49 25 3 3 0696
223.07 217.58 218.49 217.47 25 3 3 0697
217.58 218.49 217.47 223.98 25 3 3 0698
218.49 217.47 223.98 225.22 25 3 3 0699
217.47 223.98 225.22 231.15 25 3 3 0700
223.98 225.22 231.15 230.89 25 3 3 0701
225.22 231.15 230.89 233.78 25 3 3 0702
231.15 230.89 233.78 233.15 25 3 3 0703
230.89 233.78 233.15 236.29 25 3 3 0704
233.78 233.15 236.29 236.97 25 3 3 0705
233.15 236.29 236.97 239.63 25 3 3 0706
236.29 236.97 239.63 241.89 25 3 3 0707
236.97 239.63 241.89 249.16 25 3 3 0708
239.63 241.89 249.16 253.82 25 3 3 0709
241.89 249.16 253.82 268.10 25 3 3 0710
249.16 253.82 268.10 277.83 25 3 3 0711
253.82 268.10 277.83 293.17 25 3 3 0712
268.10 277.83 293.17 306.95 25 3 3 0713
277.83 293.17 306.95 328.51 25 3 3 0714
293.17 306.95 328.51 351.12 25 3 3 0715
306.95 328.51 351.12 381.99 25 3 3 0716
328.51 351.12 381.99 418.43 25 3 3 0717
351.12 381.99 418.43 464.88 25 3 3 0718
381.99 418.43 464.88 500.03 25 3 3 0719
418.43 464.88 500.03 512.74 25 3 3 0720
464.88 500.03 512.74 503.85 25 3 3 0721
500.03 512.74 503.85 491.73 25 3 3 0722
512.74 503.85 491.73 488.93 25 3 3 0723
503.85 491.73 488.93 478.60 25 3 3 0724
491.73 488.93 478.60 432.30 25 3 3 0725
488.93 478.60 432.30 399.49 25 3 3 0726
478.60 432.30 399.49 367.64 25 3 3 0727
432.30 399.49 367.64 319.92 25 3 3 0728
399.49 367.64 319.92 267.10 25 3 3 0729
367.64 319.92 267.10 233.68 25 3 3 0730
319.92 267.10 233.68 211.34 25 3 3 0731
267.10 233.68 211.34 201.43 25 3 3 0732
233.68 211.34 201.43 187.99 25 3 3 0733
211.34 201.43 187.99 154.30 25 3 3 0734
201.43 187.99 154.30 118.63 25 3 3 0735
187.99 154.30 118.63 092.54 25 3 3 0736
154.30 118.63 092.54 074.93 25 3 3 0737
118.63 092.54 074.93 055.01 25 3 3 0738
092.54 074.93 055.01 012.68 26 1 3 0739
074.93 055.01 012.68 011.21 26 1 1 0740
055.01 012.68 011.21 010.69 26 1 1 0741
012.68 011.21 010.69 012.33 26 1 1 0742
011.21 010.69 012.33 012.16 26 1 1 0743
010.69 012.33 012.16 013.67 26 1 1 0744
012.33 012.16 013.67 013.61 27 0 0 0745
012.16 013.67 013.61 014.22 27 0 0 0746
013.67 013.61 014.22 013.40 27 0 0 0747
013.61 014.22 013.40 014.01 27 0 0 0748
014.22 013.40 014.01 013.01 27 0 0 0749
013.40 014.01 013.01 014.09 27 0 0 0750
014.01 013.01 014.09 013.28 27 0 0 0751
013.01 014.09 013.28 014.34 27 0 0 0752
014.09 013.28 014.34 013.47 27 0 0 0753
013.28 014.34 013.47 014.31 27 0 0 0754
014.34 013.47 014.31 013.22 27 0 0 0755
013.47 014.31 013.22 013.92 27 0 0 0756
014.31 013.22 013.92 013.48 27 0 0 0757
013.22 013.92 013.48 013.70 27 0 0 0758
013.92 013.48 013.70 013.17 27 0 0 0759
013.48 013.70 013.17 013.43 27 0 0 0760
013.70 013.17 013.43 012.91 27 0 0 0761
013.17 013.43 012.91 013.46 27 0 0 0762
013.43 012.91 013.46 013.05 27 0 0 0763
012.91 013.46 013.05 013.23 27 0 0 0764
013.46 013.05 013.23 012.14 27 0 0 0765
013.05 013.23 012.14 012.39 27 0 0 0766
013.23 012.14 012.39 012.38 27 0 0 0767
012.14 012.39 012.38 013.02 27 0 0 0768
012.39 012.38 013.02 013.10 27 0 0 0769
012.38 013.02 013.10 013.43 27 0 0 0770
013.02 013.10 013.43 013.29 27 0 0 0771
013.10 013.43 013.29 014.32 27 0 0 0772
013.43 013.29 014.32 014.09 27 0 0 0773
013.29 014.32 014.09 014.81 27 0 0 0774
014.32 014.09 014.81 014.68 27 0 0 0775
014.09 014.81 014.68 015.07 27 0 0 0776
014.81 014.68 015.07 015.23 27 0 0 0777
014.68 015.07 015.23 016.42 27 0 0 0778
015.07 015.23 016.42 016.83 27 0 0 0779
015.23 016.42 016.83 017.09 28 2 0 0780
016.42 016.83 017.09 017.75 28 2 0 0781
016.83 017.09 017.75 018.24 28 2 2 0782
017.09 017.75 018.24 023.57 28 2 2 0783
017.75 018.24 023.57 023.35 28 2 2 0784
018.24 023.57 023.35 053.44 28 2 2 0785
023.57 023.35 053.44 088.10 29 3 2 0786
023.35 053.44 088.10 106.70 29 3 2 0787
053.44 088.10 106.70 132.16 29 3 3 0788
088.10 106.70 132.16 159.63 29 3 3 0789
106.70 132.16 159.63 204.19 29 3 3 0790
132.16 159.63 204.19 232.62 29 3 3 0791
159.63 204.19 232.62 230.39 29 3 3 0792
204.19 232.62 230.39 232.81 29 3 3 0793
232.62 230.39 232.81 226.60 29 3 3 0794
230.39 232.81 226.60 227.07 29 3 3 0795
232.81 226.60 227.07 228.44 29 3 3 0796
226.60 227.07 228.44 233.35 29 3 3 0797
227.07 228.44 233.35 244.76 29 3 3 0798
228.44 233.35 244.76 255.45 29 3 3 0799
233.35 244.76 255.45 261.95 29 3 3 0800
244.76 255.45 261.95 268.61 29 3 3 0801
255.45 261.95 268.61 271.71 29 3 3 0802
261.95 268.61 271.71 273.50 29 3 3 0803
268.61 271.71 273.50 273.94 29 3 3 0804
271.71 273.50 273.94 273.73 29 3 3 0805
273.50 273.94 273.73 273.63 29 3 3 0806
273.94 273.73 273.63 272.63 29 3 3 0807
273.73 273.63 272.63 267.95 29 3 3 0808
273.63 272.63 267.95 261.24 29 3 3 0809
272.63 267.95 261.24 253.33 29 3 3 0810
267.95 261.24 253.33 246.54 29 3 3 0811
261.24 253.33 246.54 240.81 29 3 3 0812
253.33 246.54 240.81 235.36 29 3 3 0813
246.54 240.81 235.36 230.77 29 3 3 0814
240.81 235.36 230.77 228.40 29 3 3 0815
235.36 230.77 228.40 226.98 29 3 3 0816
230.77 228.40 226.98 226.52 29 3 3 0817
228.40 226.98 226.52 225.50 29 3 3 0818
226.98 226.52 225.50 225.56 29 3 3 0819
226.52 225.50 225.56 225.47 29 3 3 0820
225.50 225.56 225.47 226.13 29 3 3 0821
225.56 225.47 226.13 225.91 29 3 3 0822
225.47 226.13 225.91 226.19 29 3 3 0823
226.13 225.91 226.19 224.45 29 3 3 0824
225.91 226.19 224.45 226.67 29 3 3 0825
226.19 224.45 226.67 228.82 29 3 3 0826
224.45 226.67 228.82 235.09 29 3 3 0827
226.67 228.82 235.09 242.36 29 3 3 0828
228.82 235.09 242.36 252.65 29 3 3 0829
235.09 242.36 252.65 263.43 29 3 3 0830
242.36 252.65 263.43 275.26 29 3 3 0831
252.65 263.43 275.26 288.78 29 3 3 0832
263.43 275.26 288.78 308.99 29 3 3 0833
275.26 288.78 308.99 330.77 29 3 3 0834
288.78 308.99 330.77 357.79 29 3 3 0835
308.99 330.77 357.79 391.43 29 3 3 0836
330.77 357.79 391.43 427.74 29 3 3 0837
357.79 391.43 427.74 463.58 29 3 3 0838
391.43 427.74 463.58 484.20 29 3 3 0839
427.74 463.58 484.20 488.54 29 3 3 0840
463.58 484.20 488.54 494.62 29 3 3 0841
484.20 488.54 494.62 496.61 29 3 3 0842
488.54 494.62 496.61 496.79 29 3 3 0843
494.62 496.61 496.79 487.25 29 3 3 0844
496.61 496.79 487.25 476.95 29 3 3 0845
496.79 487.25 476.95 438.83 29 3 3 0846
487.25 476.95 438.83 378.29 29 3 3 0847
476.95 438.83 378.29 338.84 29 3 3 0848
438.83 378.29 338.84 297.09 29 3 3 0849
378.29 338.84 297.09 246.97 29 3 3 0850
338.84 297.09 246.97 214.13 29 3 3 0851
297.09 246.97 214.13 193.68 29 3 3 0852
246.97 214.13 193.68 185.49 29 3 3 0853
214.13 193.68 185.49 173.59 29 3 3 0854
193.68 185.49 173.59 159.99 29 3 3 0855
185.49 173.59 159.99 127.71 29 3 3 0856
173.59 159.99 127.71 104.46 29 3 3 0857
159.99 127.71 104.46 085.01 29 3 3 0858
127.71 104.46 085.01 058.98 29 3 3 0859
104.46 085.01 058.98 012.21 30 1 3 0860
085.01 058.98 012.21 014.99 30 1 1 0861
058.98 012.21 014.99 012.13 30 1 1 0862
012.21 014.99 012.13 015.02 30 1 1 0863
014.99 012.13 015.02 013.80 30 1 1 0864
012.13 015.02 013.80 016.79 30 1 1 0865
015.02 013.80 016.79 015.05 31 0 0 0866
013.80 016.79 015.05 017.21 31 0 0 0867
016.79 015.05 017.21 014.73 31 0 0 0868
015.05 017.21 014.73 017.41 31 0 0 0869
017.21 014.73 017.41 014.47 31 0 0 0870
014.73 017.41 014.47 016.62 31 0 0 0871
017.41 014.47 016.62 014.67 31 0 0 0872
014.47 016.62 014.67 016.77 31 0 0 0873
016.62 014.67 016.77 014.20 31 0 0 0874
014.67 016.77 014.20 017.16 31 0 0 0875
016.77 014.20 017.16 014.31 31 0 0 0876
014.20 017.16 014.31 017.04 31 0 0 0877
017.16 014.31 017.04 014.46 31 0 0 0878
014.31 017.04 014.46 016.68 31 0 0 0879
017.04 014.46 016.68 014.12 31 0 0 0880
014.46 016.68 014.12 016.63 31 0 0 0881
016.68 014.12 016.63 014.34 31 0 0 0882
014.12 016.63 014.34 016.72 31 0 0 0883
016.63 014.34 016.72 014.02 31 0 0 0884
014.34 016.72 014.02 017.03 31 0 0 0885
016.72 014.02 017.03 013.86 31 0 0 0886
014.02 017.03 013.86 016.67 31 0 0 0887
017.03 013.86 016.67 014.24 31 0 0 0888
013.86 016.67 014.24 017.06 31 0 0 0889
016.67 014.24 017.06 014.01 31 0 0 0890
014.24 017.06 014.01 017.08 31 0 0 0891
017.06 014.01 017.08 014.16 31 0 0 0892
014.01 017.08 014.16 017.54 31 0 0 0893
017.08 014.16 017.54 014.45 31 0 0 0894
014.16 017.54 014.45 018.12 31 0 0 0895
017.54 014.45 018.12 014.94 31 0 0 0896
014.45 018.12 014.94 019.04 31 0 0 0897
018.12 014.94 019.04 016.63 31 0 0 0898
014.94 019.04 016.63 020.55 31 0 0 0899
019.04 016.63 020.55 016.87 31 0 0 0900
016.63 020.55 016.87 020.77 32 2 0 0901
020.55 016.87 020.77 016.78 32 2 0 0902
016.87 020.77 016.78 022.33 32 2 2 0903
020.77 016.78 022.33 020.91 32 2 2 0904
016.78 022.33 020.91 030.50 32 2 2 0905
022.33 020.91 030.50 053.92 32 2 2 0906
020.91 030.50 053.92 111.00 33 3 2 0907
030.50 053.92 111.00 159.82 33 3 2 0908
053.92 111.00 159.82 182.73 33 3 3 0909
111.00 159.82 182.73 182.80 33 3 3 0910
159.82 182.73 182.80 195.02 33 3 3 0911
182.73 182.80 195.02 214.64 33 3 3 0912
182.80 195.02 214.64 239.73 33 3 3 0913
195.02 214.64 239.73 224.59 33 3 3 0914
214.64 239.73 224.59 213.20 33 3 3 0915
239.73 224.59 213.20 215.90 33 3 3 0916
224.59 213.20 215.90 225.68 33 3 3 0917
213.20 215.90 225.68 228.58 33 3 3 0918
215.90 225.68 228.58 242.31 33 3 3 0919
225.68 228.58 242.31 246.31 33 3 3 0920
228.58 242.31 246.31 255.04 33 3 3 0921
242.31 246.31 255.04 254.95 33 3 3 0922
246.31 255.04 254.95 258.46 33 3 3 0923
255.04 254.95 258.46 255.90 33 3 3 0924
254.95 258.46 255.90 257.55 33 3 3 0925
258.46 255.90 257.55 254.10 33 3 3 0926
255.90 257.55 254.10 255.81 33 3 3 0927
257.55 254.10 255.81 252.28 33 3 3 0928
254.10 255.81 252.28 253.01 33 3 3 0929
255.81 252.28 253.01 247.73 33 3 3 0930
252.28 253.01 247.73 247.83 33 3 3 0931
253.01 247.73 247.83 241.28 33 3 3 0932
247.73 247.83 241.28 240.40 33 3 3 0933
247.83 241.28 240.40 234.61 33 3 3 0934
241.28 240.40 234.61 233.41 33 3 3 0935
240.40 234.61 233.41 227.27 33 3 3 0936
234.61 233.41 227.27 226.02 33 3 3 0937
233.41 227.27 226.02 219.20 33 3 3 0938
227.27 226.02 219.20 218.08 33 3 3 0939
226.02 219.20 218.08 209.74 33 3 3 0940
219.20 218.08 209.74 208.42 33 3 3 0941
218.08 209.74 208.42 202.20 33 3 3 0942
209.74 208.42 202.20 202.24 33 3 3 0943
208.42 202.20 202.24 196.94 33 3 3 0944
202.20 202.24 196.94 197.81 33 3 3 0945
202.24 196.94 197.81 192.50 33 3 3 0946
196.94 197.81 192.50 193.48 33 3 3 0947
197.81 192.50 193.48 190.48 33 3 3 0948
192.50 193.48 190.48 195.15 33 3 3 0949
193.48 190.48 195.15 196.22 33 3 3 0950
190.48 195.15 196.22 206.08 33 3 3 0951
195.15 196.22 206.08 212.39 33 3 3 0952
196.22 206.08 212.39 227.56 33 3 3 0953
206.08 212.39 227.56 239.46 33 3 3 0954
212.39 227.56 239.46 260.58 33 3 3 0955
227.56 239.46 260.58 279.93 33 3 3 0956
239.46 260.58 279.93 314.64 33 3 3 0957
260.58 279.93 314.64 344.55 33 3 3 0958
279.93 314.64 344.55 375.64 33 3 3 0959
314.64 344.55 375.64 399.22 33 3 3 0960
344.55 375.64 399.22 422.84 33 3 3 0961
375.64 399.22 422.84 446.09 33 3 3 0962
399.22 422.84 446.09 475.03 33 3 3 0963
422.84 446.09 475.03 494.58 33 3 3 0964
446.09 475.03 494.58 496.64 33 3 3 0965
475.03 494.58 496.64 467.53 33 3 3 0966
494.58 496.64 467.53 472.15 33 3 3 0967
496.64 467.53 472.15 449.97 33 3 3 0968
467.53 472.15 449.97 415.83 33 3 3 0969
472.15 449.97 415.83 363.59 33 3 3 0970
449.97 415.83 363.59 314.41 33 3 3 0971
415.83 363.59 314.41 274.36 33 3 3 0972
363.59 314.41 274.36 252.39 33 3 3 0973
314.41 274.36 252.39 233.70 33 3 3 0974
274.36 252.39 233.70 224.65 33 3 3 0975
252.39 233.70 224.65 195.95 33 3 3 0976
233.70 224.65 195.95 152.13 33 3 3 0977
224.65 195.95 152.13 113.24 33 3 3 0978
195.95 152.13 113.24 090.49 33 3 3 0979
152.13 113.24 090.49 072.03 33 3 3 0980
113.24 090.49 072.03 048.03 33 3 3 0981
090.49 072.03 048.03 005.80 34 1 3 0982
072.03 048.03 005.80 011.10 34 1 1 0983
048.03 005.80 011.10 007.56 34 1 1 0984
005.80 011.10 007.56 011.52 34 1 1 0985
011.10 007.56 011.52 010.31 34 1 1 0986
007.56 011.52 010.31 012.93 34 1 1 0987
011.52 010.31 012.93 010.58 35 0 0 0988
010.31 012.93 010.58 012.65 35 0 0 0989
012.93 010.58 012.65 009.70 35 0 0 0990
010.58 012.65 009.70 011.80 35 0 0 0991
012.65 009.70 011.80 009.07 35 0 0 0992
009.70 011.80 009.07 011.93 35 0 0 0993
011.80 009.07 011.93 009.97 35 0 0 0994
009.07 011.93 009.97 012.62 35 0 0 0995
011.93 009.97 012.62 010.86 35 0 0 0996
009.97 012.62 010.86 013.14 35 0 0 0997
012.62 010.86 013.14 011.31 35 0 0 0998
010.86 013.14 011.31 013.02 35 0 0 0999
013.14 011.31 013.02 011.11 35 0 0 1000
011.31 013.02 011.11 013.41 35 0 0 1001
013.02 011.11 013.41 010.85 35 0 0 1002
011.11 013.41 010.85 012.78 35 0 0 1003
013.41 010.85 012.78 010.75 35 0 0 1004
010.85 012.78 010.75 012.77 35 0 0 1005
012.78 010.75 012.77 010.47 35 0 0 1006
010.75 012.77 010.47 012.78 35 0 0 1007
012.77 010.47 012.78 010.67 35 0 0 1008
010.47 012.78 010.67 012.52 35 0 0 1009
012.78 010.67 012.52 010.57 35 0 0 1010
010.67 012.52 010.57 013.18 35 0 0 1011
012.52 010.57 013.18 010.95 35 0 0 1012
010.57 013.18 010.95 012.90 35 0 0 1013
013.18 010.95 012.90 011.24 35 0 0 1014
010.95 012.90 011.24 013.37 35 0 0 1015
012.90 011.24 013.37 011.07 35 0 0 1016
011.24 013.37 011.07 013.28 35 0 0 1017
013.37 011.07 013.28 011.72 35 0 0 1018
011.07 013.28 011.72 014.04 35 0 0 1019
013.28 011.72 014.04 012.49 35 0 0 1020
011.72 014.04 012.49 015.99 36 2 0 1021
014.04 012.49 015.99 016.56 36 2 0 1022
012.49 015.99 016.56 020.18 36 2 2 1023
015.99 016.56 020.18 024.00 36 2 2 1024
016.56 020.18 024.00 040.75 36 2 2 1025
020.18 024.00 040.75 067.16 36 2 2 1026
024.00 040.75 067.16 143.03 37 3 2 1027
040.75 067.16 143.03 183.87 37 3 2 1028
067.16 143.03 183.87 203.67 37 3 3 1029
143.03 183.87 203.67 231.79 37 3 3 1030
183.87 203.67 231.79 266.94 37 3 3 1031
203.67 231.79 266.94 252.12 37 3 3 1032
231.79 266.94 252.12 245.61 37 3 3 1033
266.94 252.12 245.61 244.28 37 3 3 1034
252.12 245.61 244.28 239.51 37 3 3 1035
245.61 244.28 239.51 238.16 37 3 3 1036
244.28 239.51 238.16 240.96 37 3 3 1037
239.51 238.16 240.96 242.64 37 3 3 1038
238.16 240.96 242.64 247.91 37 3 3 1039
240.96 242.64 247.91 247.16 37 3 3 1040
242.64 247.91 247.16 248.72 37 3 3 1041
247.91 247.16 248.72 246.77 37 3 3 1042
247.16 248.72 246.77 248.28 37 3 3 1043
248.72 246.77 248.28 245.69 37 3 3 1044
246.77 248.28 245.69 247.18 37 3 3 1045
248.28 245.69 247.18 245.14 37 3 3 1046
245.69 247.18 245.14 248.10 37 3 3 1047
247.18 245.14 248.10 247.25 37 3 3 1048
245.14 248.10 247.25 247.22 37 3 3 1049
248.10 247.25 247.22 240.71 37 3 3 1050
247.25 247.22 240.71 236.57 37 3 3 1051
247.22 240.71 236.57 231.64 37 3 3 1052
240.71 236.57 231.64 228.97 37 3 3 1053
236.57 231.64 228.97 222.32 37 3 3 1054
231.64 228.97 222.32 219.42 37 3 3 1055
228.97 222.32 219.42 211.85 37 3 3 1056
222.32 219.42 211.85 207.21 37 3 3 1057
219.42 211.85 207.21 201.55 37 3 3 1058
211.85 207.21 201.55 199.88 37 3 3 1059
207.21 201.55 199.88 197.05 37 3 3 1060
201.55 199.88 197.05 197.32 37 3 3 1061
199.88 197.05 197.32 196.18 37 3 3 1062
197.05 197.32 196.18 199.11 37 3 3 1063
197.32 196.18 199.11 199.64 37 3 3 1064
196.18 199.11 199.64 205.01 37 3 3 1065
199.11 199.64 205.01 209.50 37 3 3 1066
199.64 205.01 209.50 216.11 37 3 3 1067
205.01 209.50 216.11 221.42 37 3 3 1068
209.50 216.11 221.42 230.33 37 3 3 1069
216.11 221.42 230.33 239.76 37 3 3 1070
221.42 230.33 239.76 253.65 37 3 3 1071
230.33 239.76 253.65 268.29 37 3 3 1072
239.76 253.65 268.29 288.70 37 3 3 1073
253.65 268.29 288.70 310.96 37 3 3 1074
268.29 288.70 310.96 337.10 37 3 3 1075
288.70 310.96 337.10 365.63 37 3 3 1076
310.96 337.10 365.63 400.13 37 3 3 1077
337.10 365.63 400.13 431.37 37 3 3 1078
365.63 400.13 431.37 460.04 37 3 3 1079
400.13 431.37 460.04 481.74 37 3 3 1080
431.37 460.04 481.74 497.72 37 3 3 1081
460.04 481.74 497.72 501.60 37 3 3 1082
481.74 497.72 501.60 465.55 37 3 3 1083
497.72 501.60 465.55 449.73 37 3 3 1084
501.60 465.55 449.73 419.52 37 3 3 1085
465.55 449.73 419.52 355.74 37 3 3 1086
449.73 419.52 355.74 305.50 37 3 3 1087
419.52 355.74 305.50 264.34 37 3 3 1088
355.74 305.50 264.34 210.84 37 3 3 1089
305.50 264.34 210.84 160.57 37 3 3 1090
264.34 210.84 160.57 131.45 37 3 3 1091
210.84 160.57 131.45 097.20 37 3 3 1092
160.57 131.45 097.20 063.98 37 3 3 1093
131.45 097.20 063.98 042.70 38 1 3 1094
097.20 063.98 042.70 026.74 38 1 1 1095
063.98 042.70 026.74 020.28 38 1 1 1096
042.70 026.74 020.28 012.18 38 1 1 1097
026.74 020.28 012.18 003.79 38 1 1 1098
020.28 012.18 003.79 005.42 38 1 1 1099
012.18 003.79 005.42 006.30 39 0 0 1100
003.79 005.42 006.30 006.50 39 0 0 1101
005.42 006.30 006.50 008.02 39 0 0 1102
006.30 006.50 008.02 007.77 39 0 0 1103
006.50 008.02 007.77 008.47 39 0 0 1104
008.02 007.77 008.47 007.96 39 0 0 1105
007.77 008.47 007.96 008.22 39 0 0 1106
008.47 007.96 008.22 007.72 39 0 0 1107
007.96 008.22 007.72 008.48 39 0 0 1108
008.22 007.72 008.48 007.56 39 0 0 1109
007.72 008.48 007.56 008.10 39 0 0 1110
008.48 007.56 008.10 007.34 39 0 0 1111
007.56 008.10 007.34 007.95 39 0 0 1112
008.10 007.34 007.95 007.12 39 0 0 1113
007.34 007.95 007.12 007.82 39 0 0 1114
007.95 007.12 007.82 007.26 39 0 0 1115
007.12 007.82 007.26 007.72 39 0 0 1116
007.82 007.26 007.72 006.47 39 0 0 1117
007.26 007.72 006.47 007.97 39 0 0 1118
007.72 006.47 007.97 006.82 39 0 0 1119
006.47 007.97 006.82 008.10 39 0 0 1120
007.97 006.82 008.10 006.57 39 0 0 1121
006.82 008.10 006.57 008.04 39 0 0 1122
008.10 006.57 008.04 006.63 39 0 0 1123
006.57 008.04 006.63 008.06 39 0 0 1124
008.04 006.63 008.06 006.16 39 0 0 1125
006.63 008.06 006.16 007.98 39 0 0 1126
008.06 006.16 007.98 006.65 39 0 0 1127
006.16 007.98 006.65 007.77 39 0 0 1128
007.98 006.65 007.77 006.52 39 0 0 1129
006.65 007.77 006.52 007.96 39 0 0 1130
007.77 006.52 007.96 006.76 39 0 0 1131
006.52 007.96 006.76 008.38 39 0 0 1132
007.96 006.76 008.38 007.09 39 0 0 1133
006.76 008.38 007.09 008.61 39 0 0 1134
008.38 007.09 008.61 007.31 39 0 0 1135
007.09 008.61 007.31 010.40 39 0 0 1136
008.61 007.31 010.40 012.60 40 2 0 1137
007.31 010.40 012.60 015.65 40 2 0 1138
010.40 012.60 015.65 017.17 40 2 2 1139
012.60 015.65 017.17 027.05 40 2 2 1140
015.65 017.17 027.05 042.99 40 2 2 1141
017.17 027.05 042.99 078.50 40 2 2 1142
027.05 042.99 078.50 146.48 41 3 2 1143
042.99 078.50 146.48 186.22 41 3 2 1144
078.50 146.48 186.22 194.77 41 3 3 1145
146.48 186.22 194.77 210.75 41 3 3 1146
186.22 194.77 210.75 247.57 41 3 3 1147
194.77 210.75 247.57 252.48 41 3 3 1148
210.75 247.57 252.48 236.84 41 3 3 1149
247.57 252.48 236.84 237.20 41 3 3 1150
252.48 236.84 237.20 235.28 41 3 3 1151
236.84 237.20 235.28 238.32 41 3 3 1152
237.20 235.28 238.32 239.26 41 3 3 1153
235.28 238.32 239.26 244.85 41 3 3 1154
238.32 239.26 244.85 247.33 41 3 3 1155
239.26 244.85 247.33 250.27 41 3 3 1156
244.85 247.33 250.27 248.40 41 3 3 1157
247.33 250.27 248.40 249.92 41 3 3 1158
250.27 248.40 249.92 247.42 41 3 3 1159
248.40 249.92 247.42 248.42 41 3 3 1160
249.92 247.42 248.42 246.18 41 3 3 1161
247.42 248.42 246.18 246.95 41 3 3 1162
248.42 246.18 246.95 244.32 41 3 3 1163
246.18 246.95 244.32 245.71 41 3 3 1164
246.95 244.32 245.71 243.16 41 3 3 1165
244.32 245.71 243.16 241.33 41 3 3 1166
245.71 243.16 241.33 235.33 41 3 3 1167
243.16 241.33 235.33 232.94 41 3 3 1168
241.33 235.33 232.94 227.73 41 3 3 1169
235.33 232.94 227.73 224.96 41 3 3 1170
232.94 227.73 224.96 218.11 41 3 3 1171
227.73 224.96 218.11 213.56 41 3 3 1172
224.96 218.11 213.56 203.90 41 3 3 1173
218.11 213.56 203.90 197.54 41 3 3 1174
213.56 203.90 197.54 191.48 41 3 3 1175
203.90 197.54 191.48 188.10 41 3 3 1176
197.54 191.48 188.10 184.01 41 3 3 1177
191.48 188.10 184.01 184.33 41 3 3 1178
188.10 184.01 184.33 181.77 41 3 3 1179
184.01 184.33 181.77 183.92 41 3 3 1180
184.33 181.77 183.92 182.71 41 3 3 1181
181.77 183.92 182.71 187.63 41 3 3 1182
183.92 182.71 187.63 188.34 41 3 3 1183
182.71 187.63 188.34 193.41 41 3 3 1184
187.63 188.34 193.41 196.52 41 3 3 1185
188.34 193.41 196.52 207.05 41 3 3 1186
193.41 196.52 207.05 214.87 41 3 3 1187
196.52 207.05 214.87 227.86 41 3 3 1188
207.05 214.87 227.86 238.33 41 3 3 1189
214.87 227.86 238.33 255.96 41 3 3 1190
227.86 238.33 255.96 270.75 41 3 3 1191
238.33 255.96 270.75 291.52 41 3 3 1192
255.96 270.75 291.52 308.26 41 3 3 1193
270.75 291.52 308.26 329.93 41 3 3 1194
291.52 308.26 329.93 347.97 41 3 3 1195
308.26 329.93 347.97 373.00 41 3 3 1196
329.93 347.97 373.00 397.58 41 3 3 1197
347.97 373.00 397.58 429.92 41 3 3 1198
373.00 397.58 429.92 460.56 41 3 3 1199
397.58 429.92 460.56 481.52 41 3 3 1200
429.92 460.56 481.52 482.92 41 3 3 1201
460.56 481.52 482.92 467.35 41 3 3 1202
481.52 482.92 467.35 438.35 41 3 3 1203
482.92 467.35 438.35 425.36 41 3 3 1204
467.35 438.35 425.36 368.08 41 3 3 1205
438.35 425.36 368.08 310.24 41 3 3 1206
425.36 368.08 310.24 257.14 41 3 3 1207
368.08 310.24 257.14 227.12 41 3 3 1208
310.24 257.14 227.12 203.80 41 3 3 1209
257.14 227.12 203.80 190.95 41 3 3 1210
227.12 203.80 190.95 146.83 41 3 3 1211
203.80 190.95 146.83 110.15 41 3 3 1212
190.95 146.83 110.15 079.85 41 3 3 1213
146.83 110.15 079.85 063.66 41 3 3 1214
110.15 079.85 063.66 048.00 41 3 3 1215
079.85 063.66 048.00 020.59 42 1 3 1216
063.66 048.00 020.59 002.40 42 1 1 1217
048.00 020.59 002.40 007.60 42 1 1 1218
020.59 002.40 007.60 004.27 42 1 1 1219
002.40 007.60 004.27 008.16 42 1 1 1220
007.60 004.27 008.16 005.91 42 1 1 1221
004.27 008.16 005.91 009.45 43 0 0 1222
008.16 005.91 009.45 006.76 43 0 0 1223
005.91 009.45 006.76 009.80 43 0 0 1224
009.45 006.76 009.80 005.85 43 0 0 1225
006.76 009.80 005.85 009.12 43 0 0 1226
009.80 005.85 009.12 005.71 43 0 0 1227
005.85 009.12 005.71 008.55 43 0 0 1228
009.12 005.71 008.55 005.68 43 0 0 1229
005.71 008.55 005.68 009.12 43 0 0 1230
008.55 005.68 009.12 005.81 43 0 0 1231
005.68 009.12 005.81 008.62 43 0 0 1232
009.12 005.81 008.62 005.65 43 0 0 1233
005.81 008.62 005.65 009.00 43 0 0 1234
008.62 005.65 009.00 005.68 43 0 0 1235
005.65 009.00 005.68 008.81 43 0 0 1236
009.00 005.68 008.81 005.92 43 0 0 1237
005.68 008.81 005.92 008.96 43 0 0 1238
008.81 005.92 008.96 006.06 43 0 0 1239
005.92 008.96 006.06 009.14 43 0 0 1240
008.96 006.06 009.14 006.02 43 0 0 1241
006.06 009.14 006.02 008.78 43 0 0 1242
009.14 006.02 008.78 005.70 43 0 0 1243
006.02 008.78 005.70 009.39 43 0 0 1244
008.78 005.70 009.39 005.70 43 0 0 1245
005.70 009.39 005.70 009.47 43 0 0 1246
009.39 005.70 009.47 005.91 43 0 0 1247
005.70 009.47 005.91 009.69 43 0 0 1248
009.47 005.91 009.69 006.32 43 0 0 1249
005.91 009.69 006.32 010.04 43 0 0 1250
009.69 006.32 010.04 006.50 43 0 0 1251
006.32 010.04 006.50 010.73 43 0 0 1252
010.04 006.50 010.73 007.19 43 0 0 1253
006.50 010.73 007.19 012.16 44 2 0 1254
010.73 007.19 012.16 011.28 44 2 0 1255
007.19 012.16 011.28 016.25 44 2 2 1256
012.16 011.28 016.25 015.96 44 2 2 1257
011.28 016.25 015.96 032.63 44 2 2 1258
016.25 015.96 032.63 055.08 44 2 2 1259
015.96 032.63 055.08 111.70 45 3 2 1260
032.63 055.08 111.70 162.52 45 3 2 1261
055.08 111.70 162.52 184.40 45 3 3 1262
111.70 162.52 184.40 187.73 45 3 3 1263
162.52 184.40 187.73 218.69 45 3 3 1264
184.40 187.73 218.69 247.76 45 3 3 1265
187.73 218.69 247.76 238.84 45 3 3 1266
218.69 247.76 238.84 225.36 45 3 3 1267
247.76 238.84 225.36 228.86 45 3 3 1268
238.84 225.36 228.86 225.74 45 3 3 1269
225.36 228.86 225.74 235.01 45 3 3 1270
228.86 225.74 235.01 238.95 45 3 3 1271
225.74 235.01 238.95 251.30 45 3 3 1272
235.01 238.95 251.30 254.87 45 3 3 1273
238.95 251.30 254.87 262.57 45 3 3 1274
251.30 254.87 262.57 262.27 45 3 3 1275
254.87 262.57 262.27 268.60 45 3 3 1276
262.57 262.27 268.60 267.17 45 3 3 1277
262.27 268.60 267.17 269.43 45 3 3 1278
268.60 267.17 269.43 263.84 45 3 3 1279
267.17 269.43 263.84 262.25 45 3 3 1280
269.43 263.84 262.25 252.70 45 3 3 1281
263.84 262.25 252.70 247.90 45 3 3 1282
262.25 252.70 247.90 236.05 45 3 3 1283
252.70 247.90 236.05 230.24 45 3 3 1284
247.90 236.05 230.24 219.96 45 3 3 1285
236.05 230.24 219.96 216.67 45 3 3 1286
230.24 219.96 216.67 209.18 45 3 3 1287
219.96 216.67 209.18 208.10 45 3 3 1288
216.67 209.18 208.10 203.43 45 3 3 1289
209.18 208.10 203.43 203.76 45 3 3 1290
208.10 203.43 203.76 199.39 45 3 3 1291
203.43 203.76 199.39 197.77 45 3 3 1292
203.76 199.39 197.77 192.66 45 3 3 1293
199.39 197.77 192.66 192.78 45 3 3 1294
197.77 192.66 192.78 186.82 45 3 3 1295
192.66 192.78 186.82 185.50 45 3 3 1296
192.78 186.82 185.50 181.22 45 3 3 1297
186.82 185.50 181.22 184.27 45 3 3 1298
185.50 181.22 184.27 184.71 45 3 3 1299
181.22 184.27 184.71 191.28 45 3 3 1300
184.27 184.71 191.28 195.63 45 3 3 1301
184.71 191.28 195.63 206.24 45 3 3 1302
191.28 195.63 206.24 215.74 45 3 3 1303
195.63 206.24 215.74 229.41 45 3 3 1304
206.24 215.74 229.41 243.18 45 3 3 1305
215.74 229.41 243.18 267.39 45 3 3 1306
229.41 243.18 267.39 290.56 45 3 3 1307
243.18 267.39 290.56 320.67 45 3 3 1308
267.39 290.56 320.67 355.12 45 3 3 1309
290.56 320.67 355.12 398.76 45 3 3 1310
320.67 355.12 398.76 430.02 45 3 3 1311
355.12 398.76 430.02 461.65 45 3 3 1312
398.76 430.02 461.65 488.19 45 3 3 1313
430.02 461.65 488.19 509.57 45 3 3 1314
461.65 488.19 509.57 503.90 45 3 3 1315
488.19 509.57 503.90 499.71 45 3 3 1316
509.57 503.90 499.71 499.56 45 3 3 1317
503.90 499.71 499.56 486.01 45 3 3 1318
499.71 499.56 486.01 442.57 45 3 3 1319
499.56 486.01 442.57 393.12 45 3 3 1320
486.01 442.57 393.12 331.26 45 3 3 1321
442.57 393.12 331.26 288.42 45 3 3 1322
393.12 331.26 288.42 256.27 45 3 3 1323
331.26 288.42 256.27 239.77 45 3 3 1324
288.42 256.27 239.77 222.45 45 3 3 1325
256.27 239.77 222.45 188.94 45 3 3 1326
239.77 222.45 188.94 140.33 45 3 3 1327
222.45 188.94 140.33 108.49 45 3 3 1328
188.94 140.33 108.49 083.03 45 3 3 1329
140.33 108.49 083.03 067.51 45 3 3 1330
108.49 083.03 067.51 035.36 46 1 3 1331
083.03 067.51 035.36 009.29 46 1 1 1332
067.51 035.36 009.29 010.01 46 1 1 1333
035.36 009.29 010.01 010.91 46 1 1 1334
009.29 010.01 010.91 010.41 46 1 1 1335
010.01 010.91 010.41 012.45 46 1 1 1336
010.91 010.41 012.45 011.79 47 0 0 1337
010.41 012.45 011.79 013.15 47 0 0 1338
012.45 011.79 013.15 012.24 47 0 0 1339
011.79 013.15 012.24 013.27 47 0 0 1340
013.15 012.24 013.27 011.77 47 0 0 1341
012.24 013.27 011.77 013.12 47 0 0 1342
013.27 011.77 013.12 011.41 47 0 0 1343
011.77 013.12 011.41 012.76 47 0 0 1344
013.12 011.41 012.76 011.50 47 0 0 1345
011.41 012.76 011.50 013.06 47 0 0 1346
012.76 011.50 013.06 011.66 47 0 0 1347
011.50 013.06 011.66 012.59 47 0 0 1348
013.06 011.66 012.59 011.28 47 0 0 1349
011.66 012.59 011.28 012.45 47 0 0 1350
012.59 011.28 012.45 011.54 47 0 0 1351
011.28 012.45 011.54 012.31 47 0 0 1352
012.45 011.54 012.31 011.03 47 0 0 1353
011.54 012.31 011.03 012.61 47 0 0 1354
012.31 011.03 012.61 011.36 47 0 0 1355
011.03 012.61 011.36 012.63 47 0 0 1356
012.61 011.36 012.63 011.86 47 0 0 1357
011.36 012.63 011.86 012.67 47 0 0 1358
012.63 011.86 012.67 012.13 47 0 0 1359
011.86 012.67 012.13 012.95 47 0 0 1360
012.67 012.13 012.95 012.25 47 0 0 1361
012.13 012.95 012.25 013.05 47 0 0 1362
012.95 012.25 013.05 012.41 47 0 0 1363
012.25 013.05 012.41 013.79 47 0 0 1364
013.05 012.41 013.79 016.56 47 0 0 1365
012.41 013.79 016.56 016.40 48 2 0 1366
013.79 016.56 016.40 015.46 48 2 0 1367
016.56 016.40 015.46 018.88 48 2 2 1368
016.40 015.46 018.88 023.68 48 2 2 1369
015.46 018.88 023.68 042.93 48 2 2 1370
018.88 023.68 042.93 068.24 48 2 2 1371
023.68 042.93 068.24 093.64 49 3 2 1372
042.93 068.24 093.64 146.11 49 3 2 1373
068.24 093.64 146.11 187.14 49 3 3 1374
093.64 146.11 187.14 208.90 49 3 3 1375
146.11 187.14 208.90 230.40 49 3 3 1376
187.14 208.90 230.40 217.78 49 3 3 1377
208.90 230.40 217.78 216.51 49 3 3 1378
230.40 217.78 216.51 221.84 49 3 3 1379
217.78 216.51 221.84 215.77 49 3 3 1380
216.51 221.84 215.77 213.05 49 3 3 1381
221.84 215.77 213.05 214.19 49 3 3 1382
215.77 213.05 214.19 216.19 49 3 3 1383
213.05 214.19 216.19 218.58 49 3 3 1384
214.19 216.19 218.58 220.41 49 3 3 1385
216.19 218.58 220.41 221.15 49 3 3 1386
218.58 220.41 221.15 221.14 49 3 3 1387
220.41 221.15 221.14 220.69 49 3 3 1388
221.15 221.14 220.69 219.68 49 3 3 1389
221.14 220.69 219.68 219.13 49 3 3 1390
220.69 219.68 219.13 218.68 49 3 3 1391
219.68 219.13 218.68 216.45 49 3 3 1392
219.13 218.68 216.45 211.77 49 3 3 1393
218.68 216.45 211.77 205.67 49 3 3 1394
216.45 211.77 205.67 197.24 49 3 3 1395
211.77 205.67 197.24 188.11 49 3 3 1396
205.67 197.24 188.11 179.60 49 3 3 1397
197.24 188.11 179.60 167.75 49 3 3 1398
188.11 179.60 167.75 155.48 49 3 3 1399
179.60 167.75 155.48 143.74 49 3 3 1400
167.75 155.48 143.74 134.39 49 3 3 1401
155.48 143.74 134.39 127.25 49 3 3 1402
143.74 134.39 127.25 123.24 49 3 3 1403
134.39 127.25 123.24 120.44 49 3 3 1404
127.25 123.24 120.44 121.62 49 3 3 1405
123.24 120.44 121.62 122.75 49 3 3 1406
120.44 121.62 122.75 124.82 49 3 3 1407
121.62 122.75 124.82 125.76 49 3 3 1408
122.75 124.82 125.76 128.15 49 3 3 1409
124.82 125.76 128.15 130.21 49 3 3 1410
125.76 128.15 130.21 135.13 49 3 3 1411
128.15 130.21 135.13 140.40 49 3 3 1412
130.21 135.13 140.40 148.64 49 3 3 1413
135.13 140.40 148.64 157.18 49 3 3 1414
140.40 148.64 157.18 167.90 49 3 3 1415
148.64 157.18 167.90 178.72 49 3 3 1416
157.18 167.90 178.72 193.08 49 3 3 1417
167.90 178.72 193.08 207.96 49 3 3 1418
178.72 193.08 207.96 225.77 49 3 3 1419
193.08 207.96 225.77 241.46 49 3 3 1420
207.96 225.77 241.46 258.02 49 3 3 1421
225.77 241.46 258.02 273.94 49 3 3 1422
241.46 258.02 273.94 294.14 49 3 3 1423
258.02 273.94 294.14 314.85 49 3 3 1424
273.94 294.14 314.85 339.01 49 3 3 1425
294.14 314.85 339.01 365.46 49 3 3 1426
314.85 339.01 365.46 397.41 49 3 3 1427
339.01 365.46 397.41 419.11 49 3 3 1428
365.46 397.41 419.11 437.11 49 3 3 1429
397.41 419.11 437.11 447.95 49 3 3 1430
419.11 437.11 447.95 455.02 49 3 3 1431
437.11 447.95 455.02 443.02 49 3 3 1432
447.95 455.02 443.02 426.93 49 3 3 1433
455.02 443.02 426.93 391.29 49 3 3 1434
443.02 426.93 391.29 351.48 49 3 3 1435
426.93 391.29 351.48 314.52 49 3 3 1436
391.29 351.48 314.52 288.42 49 3 3 1437
351.48 314.52 288.42 245.73 49 3 3 1438
314.52 288.42 245.73 182.48 49 3 3 1439
288.42 245.73 182.48 121.62 49 3 3 1440
245.73 182.48 121.62 081.43 49 3 3 1441
182.48 121.62 081.43 050.40 49 3 3 1442
121.62 081.43 050.40 028.77 50 1 3 1443
081.43 050.40 028.77 011.42 50 1 1 1444
050.40 028.77 011.42 -06.66 50 1 1 1445
028.77 011.42 -06.66 -11.64 50 1 1 1446
011.42 -06.66 -11.64 -10.02 50 1 1 1447
-06.66 -11.64 -10.02 -11.59 50 1 1 1448
-11.64 -10.02 -11.59 -08.85 51 0 0 1449
-10.02 -11.59 -08.85 -09.45 51 0 0 1450
-11.59 -08.85 -09.45 -08.28 51 0 0 1451
-08.85 -09.45 -08.28 -09.67 51 0 0 1452
-09.45 -08.28 -09.67 -08.21 51 0 0 1453
-08.28 -09.67 -08.21 -09.84 51 0 0 1454
-09.67 -08.21 -09.84 -08.21 51 0 0 1455
-08.21 -09.84 -08.21 -09.38 51 0 0 1456
-09.84 -08.21 -09.38 -07.56 51 0 0 1457
-08.21 -09.38 -07.56 -09.71 51 0 0 1458
-09.38 -07.56 -09.71 -07.74 51 0 0 1459
-07.56 -09.71 -07.74 -09.79 51 0 0 1460
-09.71 -07.74 -09.79 -07.46 51 0 0 1461
-07.74 -09.79 -07.46 -09.69 51 0 0 1462
-09.79 -07.46 -09.69 -07.28 51 0 0 1463
-07.46 -09.69 -07.28 -09.57 51 0 0 1464
-09.69 -07.28 -09.57 -07.32 51 0 0 1465
-07.28 -09.57 -07.32 -09.78 51 0 0 1466
-09.57 -07.32 -09.78 -07.45 51 0 0 1467
-07.32 -09.78 -07.45 -10.07 51 0 0 1468
-09.78 -07.45 -10.07 -07.36 51 0 0 1469
-07.45 -10.07 -07.36 -10.11 51 0 0 1470
-10.07 -07.36 -10.11 -07.65 51 0 0 1471
-07.36 -10.11 -07.65 -10.64 51 0 0 1472
-10.11 -07.65 -10.64 -07.34 51 0 0 1473
-07.65 -10.64 -07.34 -10.06 51 0 0 1474
-10.64 -07.34 -10.06 -07.01 51 0 0 1475
-07.34 -10.06 -07.01 -10.36 51 0 0 1476
-10.06 -07.01 -10.36 -06.64 51 0 0 1477
-07.01 -10.36 -06.64 -10.27 51 0 0 1478
-10.36 -06.64 -10.27 -06.58 51 0 0 1479
-06.64 -10.27 -06.58 -10.14 51 0 0 1480
-10.27 -06.58 -10.14 -06.32 51 0 0 1481
-06.58 -10.14 -06.32 -09.90 51 0 0 1482
-10.14 -06.32 -09.90 -05.13 51 0 0 1483
-06.32 -09.90 -05.13 -08.55 51 0 0 1484
-09.90 -05.13 -08.55 -02.95 52 2 0 1485
-05.13 -08.55 -02.95 -02.62 52 2 0 1486
-08.55 -02.95 -02.62 006.22 52 2 2 1487
-02.95 -02.62 006.22 009.80 52 2 2 1488
-02.62 006.22 009.80 035.93 52 2 2 1489
006.22 009.80 035.93 085.41 52 2 2 1490
009.80 035.93 085.41 156.96 53 3 2 1491
035.93 085.41 156.96 201.27 53 3 2 1492
085.41 156.96 201.27 218.18 53 3 3 1493
156.96 201.27 218.18 220.41 53 3 3 1494
201.27 218.18 220.41 248.59 53 3 3 1495
218.18 220.41 248.59 282.99 53 3 3 1496
220.41 248.59 282.99 310.70 53 3 3 1497
248.59 282.99 310.70 289.27 53 3 3 1498
282.99 310.70 289.27 275.16 53 3 3 1499
310.70 289.27 275.16 270.40 53 3 3 1500
289.27 275.16 270.40 282.13 53 3 3 1501
275.16 270.40 282.13 278.24 53 3 3 1502
270.40 282.13 278.24 286.27 53 3 3 1503
282.13 278.24 286.27 284.59 53 3 3 1504
278.24 286.27 284.59 290.84 53 3 3 1505
286.27 284.59 290.84 285.88 53 3 3 1506
284.59 290.84 285.88 290.95 53 3 3 1507
290.84 285.88 290.95 285.89 53 3 3 1508
285.88 290.95 285.89 289.34 53 3 3 1509
290.95 285.89 289.34 279.24 53 3 3 1510
285.89 289.34 279.24 276.43 53 3 3 1511
289.34 279.24 276.43 262.49 53 3 3 1512
279.24 276.43 262.49 259.01 53 3 3 1513
276.43 262.49 259.01 247.55 53 3 3 1514
262.49 259.01 247.55 246.14 53 3 3 1515
259.01 247.55 246.14 235.22 53 3 3 1516
247.55 246.14 235.22 233.21 53 3 3 1517
246.14 235.22 233.21 220.33 53 3 3 1518
235.22 233.21 220.33 214.82 53 3 3 1519
233.21 220.33 214.82 199.19 53 3 3 1520
220.33 214.82 199.19 195.73 53 3 3 1521
214.82 199.19 195.73 183.58 53 3 3 1522
199.19 195.73 183.58 180.27 53 3 3 1523
195.73 183.58 180.27 169.16 53 3 3 1524
183.58 180.27 169.16 170.64 53 3 3 1525
180.27 169.16 170.64 166.05 53 3 3 1526
169.16 170.64 166.05 174.49 53 3 3 1527
170.64 166.05 174.49 175.63 53 3 3 1528
166.05 174.49 175.63 188.82 53 3 3 1529
174.49 175.63 188.82 197.11 53 3 3 1530
175.63 188.82 197.11 215.50 53 3 3 1531
188.82 197.11 215.50 223.76 53 3 3 1532
197.11 215.50 223.76 242.18 53 3 3 1533
215.50 223.76 242.18 252.73 53 3 3 1534
223.76 242.18 252.73 272.96 53 3 3 1535
242.18 252.73 272.96 285.83 53 3 3 1536
252.73 272.96 285.83 308.11 53 3 3 1537
272.96 285.83 308.11 322.57 53 3 3 1538
285.83 308.11 322.57 347.22 53 3 3 1539
308.11 322.57 347.22 364.77 53 3 3 1540
322.57 347.22 364.77 394.12 53 3 3 1541
347.22 364.77 394.12 417.08 53 3 3 1542
364.77 394.12 417.08 448.45 53 3 3 1543
394.12 417.08 448.45 464.44 53 3 3 1544
417.08 448.45 464.44 482.83 53 3 3 1545
448.45 464.44 482.83 485.06 53 3 3 1546
464.44 482.83 485.06 466.45 53 3 3 1547
482.83 485.06 466.45 450.10 53 3 3 1548
485.06 466.45 450.10 434.55 53 3 3 1549
466.45 450.10 434.55 379.80 53 3 3 1550
450.10 434.55 379.80 340.90 53 3 3 1551
434.55 379.80 340.90 299.97 53 3 3 1552
379.80 340.90 299.97 251.61 53 3 3 1553
340.90 299.97 251.61 199.54 53 3 3 1554
299.97 251.61 199.54 162.17 53 3 3 1555
251.61 199.54 162.17 127.07 53 3 3 1556
199.54 162.17 127.07 088.25 53 3 3 1557
162.17 127.07 088.25 061.50 53 3 3 1558
127.07 088.25 061.50 051.45 53 3 3 1559
088.25 061.50 051.45 038.15 54 1 3 1560
061.50 051.45 038.15 035.22 54 1 1 1561
051.45 038.15 035.22 013.75 54 1 1 1562
038.15 035.22 013.75 004.66 54 1 1 1563
035.22 013.75 004.66 003.38 54 1 1 1564
013.75 004.66 003.38 007.37 54 1 1 1565
004.66 003.38 007.37 004.47 55 0 0 1566
003.38 007.37 004.47 008.50 55 0 0 1567
007.37 004.47 008.50 005.92 55 0 0 1568
004.47 008.50 005.92 008.97 55 0 0 1569
008.50 005.92 008.97 005.82 55 0 0 1570
005.92 008.97 005.82 008.79 55 0 0 1571
008.97 005.82 008.79 005.38 55 0 0 1572
005.82 008.79 005.38 008.26 55 0 0 1573
008.79 005.38 008.26 005.63 55 0 0 1574
005.38 008.26 005.63 008.69 55 0 0 1575
008.26 005.63 008.69 005.66 55 0 0 1576
005.63 008.69 005.66 008.35 55 0 0 1577
008.69 005.66 008.35 005.86 55 0 0 1578
005.66 008.35 005.86 008.32 55 0 0 1579
008.35 005.86 008.32 005.12 55 0 0 1580
005.86 008.32 005.12 007.60 55 0 0 1581
008.32 005.12 007.60 004.57 55 0 0 1582
005.12 007.60 004.57 007.26 55 0 0 1583
007.60 004.57 007.26 004.67 55 0 0 1584
004.57 007.26 004.67 007.86 55 0 0 1585
007.26 004.67 007.86 005.76 55 0 0 1586
004.67 007.86 005.76 007.84 55 0 0 1587
007.86 005.76 007.84 005.68 55 0 0 1588
005.76 007.84 005.68 008.00 55 0 0 1589
007.84 005.68 008.00 005.22 55 0 0 1590
005.68 008.00 005.22 007.67 55 0 0 1591
008.00 005.22 007.67 004.92 55 0 0 1592
005.22 007.67 004.92 007.60 55 0 0 1593
007.67 004.92 007.60 005.02 55 0 0 1594
004.92 007.60 005.02 007.19 55 0 0 1595
007.60 005.02 007.19 005.31 55 0 0 1596
005.02 007.19 005.31 007.75 55 0 0 1597
007.19 005.31 007.75 006.32 55 0 0 1598
005.31 007.75 006.32 008.97 55 0 0 1599
007.75 006.32 008.97 007.51 55 0 0 1600
006.32 008.97 007.51 010.27 55 0 0 1601
008.97 007.51 010.27 009.60 56 2 0 1602
007.51 010.27 009.60 014.78 56 2 0 1603
010.27 009.60 014.78 013.53 56 2 2 1604
009.60 014.78 013.53 021.89 56 2 2 1605
014.78 013.53 021.89 041.78 56 2 2 1606
013.53 021.89 041.78 101.49 56 2 2 1607
021.89 041.78 101.49 183.80 57 3 2 1608
041.78 101.49 183.80 230.95 57 3 2 1609
101.49 183.80 230.95 243.12 57 3 3 1610
183.80 230.95 243.12 252.52 57 3 3 1611
230.95 243.12 252.52 275.00 57 3 3 1612
243.12 252.52 275.00 309.21 57 3 3 1613
252.52 275.00 309.21 297.09 57 3 3 1614
275.00 309.21 297.09 277.52 57 3 3 1615
309.21 297.09 277.52 265.30 57 3 3 1616
297.09 277.52 265.30 265.99 57 3 3 1617
277.52 265.30 265.99 261.04 57 3 3 1618
265.30 265.99 261.04 261.29 57 3 3 1619
265.99 261.04 261.29 261.10 57 3 3 1620
261.04 261.29 261.10 262.98 57 3 3 1621
261.29 261.10 262.98 262.21 57 3 3 1622
261.10 262.98 262.21 262.46 57 3 3 1623
262.98 262.21 262.46 261.55 57 3 3 1624
262.21 262.46 261.55 261.99 57 3 3 1625
262.46 261.55 261.99 260.85 57 3 3 1626
261.55 261.99 260.85 260.12 57 3 3 1627
261.99 260.85 260.12 257.99 57 3 3 1628
260.85 260.12 257.99 255.15 57 3 3 1629
260.12 257.99 255.15 249.67 57 3 3 1630
257.99 255.15 249.67 243.60 57 3 3 1631
255.15 249.67 243.60 237.99 57 3 3 1632
249.67 243.60 237.99 233.69 57 3 3 1633
243.60 237.99 233.69 230.07 57 3 3 1634
237.99 233.69 230.07 224.18 57 3 3 1635
233.69 230.07 224.18 217.93 57 3 3 1636
230.07 224.18 217.93 212.95 57 3 3 1637
224.18 217.93 212.95 207.04 57 3 3 1638
217.93 212.95 207.04 201.14 57 3 3 1639
212.95 207.04 201.14 196.56 57 3 3 1640
207.04 201.14 196.56 192.44 57 3 3 1641
201.14 196.56 192.44 190.98 57 3 3 1642
196.56 192.44 190.98 187.71 57 3 3 1643
192.44 190.98 187.71 188.92 57 3 3 1644
190.98 187.71 188.92 189.58 57 3 3 1645
187.71 188.92 189.58 191.10 57 3 3 1646
188.92 189.58 191.10 195.26 57 3 3 1647
189.58 191.10 195.26 200.49 57 3 3 1648
191.10 195.26 200.49 206.09 57 3 3 1649
195.26 200.49 206.09 215.79 57 3 3 1650
200.49 206.09 215.79 225.07 57 3 3 1651
206.09 215.79 225.07 238.30 57 3 3 1652
215.79 225.07 238.30 251.44 57 3 3 1653
225.07 238.30 251.44 269.22 57 3 3 1654
238.30 251.44 269.22 286.08 57 3 3 1655
251.44 269.22 286.08 307.34 57 3 3 1656
269.22 286.08 307.34 328.63 57 3 3 1657
286.08 307.34 328.63 354.06 57 3 3 1658
307.34 328.63 354.06 377.54 57 3 3 1659
328.63 354.06 377.54 404.13 57 3 3 1660
354.06 377.54 404.13 431.50 57 3 3 1661
377.54 404.13 431.50 463.15 57 3 3 1662
404.13 431.50 463.15 480.53 57 3 3 1663
431.50 463.15 480.53 485.87 57 3 3 1664
463.15 480.53 485.87 450.21 57 3 3 1665
480.53 485.87 450.21 428.46 57 3 3 1666
485.87 450.21 428.46 398.10 57 3 3 1667
450.21 428.46 398.10 349.17 57 3 3 1668
428.46 398.10 349.17 288.27 57 3 3 1669
398.10 349.17 288.27 240.86 57 3 3 1670
349.17 288.27 240.86 195.90 57 3 3 1671
288.27 240.86 195.90 177.29 57 3 3 1672
240.86 195.90 177.29 162.62 57 3 3 1673
195.90 177.29 162.62 148.65 57 3 3 1674
177.29 162.62 148.65 120.84 57 3 3 1675
162.62 148.65 120.84 098.77 57 3 3 1676
148.65 120.84 098.77 079.99 57 3 3 1677
120.84 098.77 079.99 068.61 57 3 3 1678
098.77 079.99 068.61 022.60 58 1 3 1679
079.99 068.61 022.60 007.59 58 1 1 1680
068.61 022.60 007.59 007.23 58 1 1 1681
022.60 007.59 007.23 009.47 58 1 1 1682
007.59 007.23 009.47 007.89 58 1 1 1683
007.23 009.47 007.89 010.90 58 1 1 1684
009.47 007.89 010.90 008.93 59 0 0 1685
007.89 010.90 008.93 011.68 59 0 0 1686
010.90 008.93 011.68 009.20 59 0 0 1687
008.93 011.68 009.20 011.29 59 0 0 1688
011.68 009.20 011.29 008.42 59 0 0 1689
009.20 011.29 008.42 011.23 59 0 0 1690
011.29 008.42 011.23 008.16 59 0 0 1691
008.42 011.23 008.16 010.81 59 0 0 1692
011.23 008.16 010.81 008.09 59 0 0 1693
008.16 010.81 008.09 011.14 59 0 0 1694
010.81 008.09 011.14 008.56 59 0 0 1695
008.09 011.14 008.56 011.23 59 0 0 1696
011.14 008.56 011.23 008.55 59 0 0 1697
008.56 011.23 008.55 011.39 59 0 0 1698
011.23 008.55 011.39 007.94 59 0 0 1699
008.55 011.39 007.94 011.20 59 0 0 1700
011.39 007.94 011.20 007.53 59 0 0 1701
007.94 011.20 007.53 010.89 59 0 0 1702
011.20 007.53 010.89 007.86 59 0 0 1703
007.53 010.89 007.86 010.61 59 0 0 1704
010.89 007.86 010.61 007.46 59 0 0 1705
007.86 010.61 007.46 010.71 59 0 0 1706
010.61 007.46 010.71 007.09 59 0 0 1707
007.46 010.71 007.09 010.77 59 0 0 1708
010.71 007.09 010.77 006.92 59 0 0 1709
007.09 010.77 006.92 011.03 59 0 0 1710
010.77 006.92 011.03 006.84 59 0 0 1711
006.92 011.03 006.84 011.16 59 0 0 1712
011.03 006.84 011.16 006.98 59 0 0 1713
006.84 011.16 006.98 011.14 59 0 0 1714
011.16 006.98 011.14 007.71 59 0 0 1715
006.98 011.14 007.71 012.63 59 0 0 1716
011.14 007.71 012.63 010.04 59 0 0 1717
007.71 012.63 010.04 017.26 60 2 0 1718
012.63 010.04 017.26 013.45 60 2 0 1719
010.04 017.26 013.45 019.73 60 2 2 1720
017.26 013.45 019.73 021.74 60 2 2 1721
013.45 019.73 021.74 043.31 60 2 2 1722
019.73 021.74 043.31 088.47 60 2 2 1723
021.74 043.31 088.47 159.01 61 3 2 1724
043.31 088.47 159.01 182.20 61 3 2 1725
088.47 159.01 182.20 197.26 61 3 3 1726
159.01 182.20 197.26 203.78 61 3 3 1727
182.20 197.26 203.78 236.46 61 3 3 1728
197.26 203.78 236.46 231.93 61 3 3 1729
203.78 236.46 231.93 222.29 61 3 3 1730
236.46 231.93 222.29 211.60 61 3 3 1731
231.93 222.29 211.60 221.25 61 3 3 1732
222.29 211.60 221.25 220.75 61 3 3 1733
211.60 221.25 220.75 235.90 61 3 3 1734
221.25 220.75 235.90 241.08 61 3 3 1735
220.75 235.90 241.08 253.85 61 3 3 1736
235.90 241.08 253.85 252.76 61 3 3 1737
241.08 253.85 252.76 258.72 61 3 3 1738
253.85 252.76 258.72 253.88 61 3 3 1739
252.76 258.72 253.88 257.35 61 3 3 1740
258.72 253.88 257.35 251.30 61 3 3 1741
253.88 257.35 251.30 254.40 61 3 3 1742
257.35 251.30 254.40 248.60 61 3 3 1743
251.30 254.40 248.60 251.53 61 3 3 1744
254.40 248.60 251.53 245.51 61 3 3 1745
248.60 251.53 245.51 248.13 61 3 3 1746
251.53 245.51 248.13 240.80 61 3 3 1747
245.51 248.13 240.80 243.28 61 3 3 1748
248.13 240.80 243.28 237.22 61 3 3 1749
240.80 243.28 237.22 240.75 61 3 3 1750
243.28 237.22 240.75 236.07 61 3 3 1751
237.22 240.75 236.07 240.42 61 3 3 1752
240.75 236.07 240.42 233.84 61 3 3 1753
236.07 240.42 233.84 236.24 61 3 3 1754
240.42 233.84 236.24 228.92 61 3 3 1755
233.84 236.24 228.92 230.30 61 3 3 1756
236.24 228.92 230.30 223.80 61 3 3 1757
228.92 230.30 223.80 224.33 61 3 3 1758
230.30 223.80 224.33 214.25 61 3 3 1759
223.80 224.33 214.25 213.43 61 3 3 1760
224.33 214.25 213.43 201.54 61 3 3 1761
214.25 213.43 201.54 201.58 61 3 3 1762
213.43 201.54 201.58 193.22 61 3 3 1763
201.54 201.58 193.22 194.27 61 3 3 1764
201.58 193.22 194.27 187.38 61 3 3 1765
193.22 194.27 187.38 192.76 61 3 3 1766
194.27 187.38 192.76 193.05 61 3 3 1767
187.38 192.76 193.05 206.77 61 3 3 1768
192.76 193.05 206.77 214.23 61 3 3 1769
193.05 206.77 214.23 234.88 61 3 3 1770
206.77 214.23 234.88 247.59 61 3 3 1771
214.23 234.88 247.59 273.55 61 3 3 1772
234.88 247.59 273.55 290.47 61 3 3 1773
247.59 273.55 290.47 319.21 61 3 3 1774
273.55 290.47 319.21 341.00 61 3 3 1775
290.47 319.21 341.00 370.01 61 3 3 1776
319.21 341.00 370.01 388.72 61 3 3 1777
341.00 370.01 388.72 420.28 61 3 3 1778
370.01 388.72 420.28 446.57 61 3 3 1779
388.72 420.28 446.57 473.43 61 3 3 1780
420.28 446.57 473.43 479.17 61 3 3 1781
446.57 473.43 479.17 470.10 61 3 3 1782
473.43 479.17 470.10 442.71 61 3 3 1783
479.17 470.10 442.71 426.54 61 3 3 1784
470.10 442.71 426.54 375.42 61 3 3 1785
442.71 426.54 375.42 319.32 61 3 3 1786
426.54 375.42 319.32 262.22 61 3 3 1787
375.42 319.32 262.22 233.23 61 3 3 1788
319.32 262.22 233.23 209.38 61 3 3 1789
262.22 233.23 209.38 201.48 61 3 3 1790
233.23 209.38 201.48 178.58 61 3 3 1791
209.38 201.48 178.58 147.70 61 3 3 1792
201.48 178.58 147.70 111.42 61 3 3 1793
178.58 147.70 111.42 090.81 61 3 3 1794
147.70 111.42 090.81 069.06 61 3 3 1795
111.42 090.81 069.06 040.09 62 1 3 1796
090.81 069.06 040.09 003.90 62 1 1 1797
069.06 040.09 003.90 011.52 62 1 1 1798
040.09 003.90 011.52 007.26 62 1 1 1799
003.90 011.52 007.26 011.70 62 1 1 1800
011.52 007.26 011.70 008.54 62 1 1 1801
007.26 011.70 008.54 013.21 63 0 0 1802
011.70 008.54 013.21 009.77 63 0 0 1803
008.54 013.21 009.77 013.67 63 0 0 1804
013.21 009.77 013.67 009.53 63 0 0 1805
009.77 013.67 009.53 013.01 63 0 0 1806
013.67 009.53 013.01 008.92 63 0 0 1807
009.53 013.01 008.92 012.92 63 0 0 1808
013.01 008.92 012.92 008.95 63 0 0 1809
008.92 012.92 008.95 013.35 63 0 0 1810
012.92 008.95 013.35 009.31 63 0 0 1811
008.95 013.35 009.31 013.15 63 0 0 1812
013.35 009.31 013.15 009.18 63 0 0 1813
009.31 013.15 009.18 013.30 63 0 0 1814
013.15 009.18 013.30 008.95 63 0 0 1815
009.18 013.30 008.95 012.53 63 0 0 1816
013.30 008.95 012.53 008.99 63 0 0 1817
008.95 012.53 008.99 012.29 63 0 0 1818
012.53 008.99 012.29 008.72 63 0 0 1819
008.99 012.29 008.72 012.44 63 0 0 1820
012.29 008.72 012.44 008.73 63 0 0 1821
008.72 012.44 008.73 012.25 63 0 0 1822
012.44 008.73 012.25 008.40 63 0 0 1823
008.73 012.25 008.40 012.27 63 0 0 1824
012.25 008.40 012.27 007.94 63 0 0 1825
008.40 012.27 007.94 011.50 63 0 0 1826
012.27 007.94 011.50 007.72 63 0 0 1827
007.94 011.50 007.72 010.79 63 0 0 1828
011.50 007.72 010.79 006.96 63 0 0 1829
007.72 010.79 006.96 011.16 63 0 0 1830
010.79 006.96 011.16 007.54 63 0 0 1831
006.96 011.16 007.54 011.21 63 0 0 1832
011.16 007.54 011.21 007.54 63 0 0 1833
007.54 011.21 007.54 012.05 63 0 0 1834
011.21 007.54 012.05 010.10 63 0 0 1835
007.54 012.05 010.10 014.83 64 2 0 1836
012.05 010.10 014.83 013.66 64 2 0 1837
010.10 014.83 013.66 019.89 64 2 2 1838
014.83 013.66 019.89 016.32 64 2 2 1839
013.66 019.89 016.32 027.74 64 2 2 1840
019.89 016.32 027.74 049.73 64 2 2 1841
016.32 027.74 049.73 123.59 65 3 2 1842
027.74 049.73 123.59 189.75 65 3 2 1843
049.73 123.59 189.75 225.82 65 3 3 1844
123.59 189.75 225.82 232.27 65 3 3 1845
189.75 225.82 232.27 242.51 65 3 3 1846
225.82 232.27 242.51 259.71 65 3 3 1847
232.27 242.51 259.71 273.83 65 3 3 1848
242.51 259.71 273.83 279.73 65 3 3 1849
259.71 273.83 279.73 277.84 65 3 3 1850
273.83 279.73 277.84 255.60 65 3 3 1851
279.73 277.84 255.60 247.89 65 3 3 1852
277.84 255.60 247.89 250.62 65 3 3 1853
255.60 247.89 250.62 264.95 65 3 3 1854
247.89 250.62 264.95 270.23 65 3 3 1855
250.62 264.95 270.23 276.97 65 3 3 1856
264.95 270.23 276.97 278.44 65 3 3 1857
270.23 276.97 278.44 283.35 65 3 3 1858
276.97 278.44 283.35 281.20 65 3 3 1859
278.44 283.35 281.20 282.96 65 3 3 1860
283.35 281.20 282.96 280.40 65 3 3 1861
281.20 282.96 280.40 281.04 65 3 3 1862
282.96 280.40 281.04 278.44 65 3 3 1863
280.40 281.04 278.44 279.25 65 3 3 1864
281.04 278.44 279.25 276.65 65 3 3 1865
278.44 279.25 276.65 278.32 65 3 3 1866
279.25 276.65 278.32 275.67 65 3 3 1867
276.65 278.32 275.67 276.52 65 3 3 1868
278.32 275.67 276.52 273.28 65 3 3 1869
275.67 276.52 273.28 271.61 65 3 3 1870
276.52 273.28 271.61 266.76 65 3 3 1871
273.28 271.61 266.76 264.25 65 3 3 1872
271.61 266.76 264.25 258.53 65 3 3 1873
266.76 264.25 258.53 256.94 65 3 3 1874
264.25 258.53 256.94 252.31 65 3 3 1875
258.53 256.94 252.31 251.02 65 3 3 1876
256.94 252.31 251.02 247.83 65 3 3 1877
252.31 251.02 247.83 247.81 65 3 3 1878
251.02 247.83 247.81 244.69 65 3 3 1879
247.83 247.81 244.69 242.20 65 3 3 1880
247.81 244.69 242.20 236.24 65 3 3 1881
244.69 242.20 236.24 233.24 65 3 3 1882
242.20 236.24 233.24 227.07 65 3 3 1883
236.24 233.24 227.07 220.63 65 3 3 1884
233.24 227.07 220.63 211.60 65 3 3 1885
227.07 220.63 211.60 203.82 65 3 3 1886
220.63 211.60 203.82 194.13 65 3 3 1887
211.60 203.82 194.13 188.23 65 3 3 1888
203.82 194.13 188.23 187.09 65 3 3 1889
194.13 188.23 187.09 194.50 65 3 3 1890
188.23 187.09 194.50 205.96 65 3 3 1891
187.09 194.50 205.96 221.42 65 3 3 1892
194.50 205.96 221.42 239.99 65 3 3 1893
205.96 221.42 239.99 262.44 65 3 3 1894
221.42 239.99 262.44 288.71 65 3 3 1895
239.99 262.44 288.71 321.85 65 3 3 1896
262.44 288.71 321.85 351.73 65 3 3 1897
288.71 321.85 351.73 382.17 65 3 3 1898
321.85 351.73 382.17 410.89 65 3 3 1899
351.73 382.17 410.89 446.52 65 3 3 1900
382.17 410.89 446.52 473.54 65 3 3 1901
410.89 446.52 473.54 480.73 65 3 3 1902
446.52 473.54 480.73 467.43 65 3 3 1903
473.54 480.73 467.43 451.97 65 3 3 1904
480.73 467.43 451.97 416.61 65 3 3 1905
467.43 451.97 416.61 356.20 65 3 3 1906
451.97 416.61 356.20 293.26 65 3 3 1907
416.61 356.20 293.26 252.51 65 3 3 1908
356.20 293.26 252.51 229.99 65 3 3 1909
293.26 252.51 229.99 213.39 65 3 3 1910
252.51 229.99 213.39 190.80 65 3 3 1911
229.99 213.39 190.80 144.03 65 3 3 1912
213.39 190.80 144.03 107.63 65 3 3 1913
190.80 144.03 107.63 079.73 65 3 3 1914
144.03 107.63 079.73 063.28 65 3 3 1915
107.63 079.73 063.28 036.67 66 1 3 1916
079.73 063.28 036.67 002.71 66 1 1 1917
063.28 036.67 002.71 004.78 66 1 1 1918
036.67 002.71 004.78 004.63 66 1 1 1919
002.71 004.78 004.63 003.64 66 1 1 1920
004.78 004.63 003.64 006.14 66 1 1 1921
004.63 003.64 006.14 005.28 67 0 0 1922
003.64 006.14 005.28 007.36 67 0 0 1923
006.14 005.28 007.36 005.53 67 0 0 1924
005.28 007.36 005.53 006.41 67 0 0 1925
007.36 005.53 006.41 005.09 67 0 0 1926
005.53 006.41 005.09 006.22 67 0 0 1927
006.41 005.09 006.22 004.89 67 0 0 1928
005.09 006.22 004.89 006.79 67 0 0 1929
006.22 004.89 006.79 005.10 67 0 0 1930
004.89 006.79 005.10 007.05 67 0 0 1931
006.79 005.10 007.05 005.14 67 0 0 1932
005.10 007.05 005.14 007.01 67 0 0 1933
007.05 005.14 007.01 004.96 67 0 0 1934
005.14 007.01 004.96 007.60 67 0 0 1935
007.01 004.96 007.60 005.63 67 0 0 1936
004.96 007.60 005.63 007.89 67 0 0 1937
007.60 005.63 007.89 005.66 67 0 0 1938
005.63 007.89 005.66 008.26 67 0 0 1939
007.89 005.66 008.26 006.28 67 0 0 1940
005.66 008.26 006.28 007.86 67 0 0 1941
008.26 006.28 007.86 005.41 67 0 0 1942
006.28 007.86 005.41 007.83 67 0 0 1943
007.86 005.41 007.83 005.64 67 0 0 1944
005.41 007.83 005.64 009.24 67 0 0 1945
007.83 005.64 009.24 007.92 67 0 0 1946
005.64 009.24 007.92 011.21 67 0 0 1947
009.24 007.92 011.21 008.79 67 0 0 1948
007.92 011.21 008.79 011.99 67 0 0 1949
011.21 008.79 011.99 009.19 67 0 0 1950
008.79 011.99 009.19 012.01 67 0 0 1951
011.99 009.19 012.01 008.75 67 0 0 1952
009.19 012.01 008.75 011.83 67 0 0 1953
012.01 008.75 011.83 008.34 67 0 0 1954
008.75 011.83 008.34 011.84 67 0 0 1955
011.83 008.34 011.84 009.52 67 0 0 1956
008.34 011.84 009.52 013.91 68 2 0 1957
011.84 009.52 013.91 010.18 68 2 0 1958
009.52 013.91 010.18 018.22 68 2 2 1959
013.91 010.18 018.22 018.02 68 2 2 1960
010.18 018.22 018.02 040.08 68 2 2 1961
018.22 018.02 040.08 072.41 68 2 2 1962
018.02 040.08 072.41 132.01 69 3 2 1963
040.08 072.41 132.01 164.61 69 3 2 1964
072.41 132.01 164.61 191.47 69 3 3 1965
132.01 164.61 191.47 221.61 69 3 3 1966
164.61 191.47 221.61 269.90 69 3 3 1967
191.47 221.61 269.90 266.76 69 3 3 1968
221.61 269.90 266.76 253.86 69 3 3 1969
269.90 266.76 253.86 239.17 69 3 3 1970
266.76 253.86 239.17 237.50 69 3 3 1971
253.86 239.17 237.50 230.83 69 3 3 1972
239.17 237.50 230.83 238.12 69 3 3 1973
237.50 230.83 238.12 241.65 69 3 3 1974
230.83 238.12 241.65 252.48 69 3 3 1975
238.12 241.65 252.48 252.70 69 3 3 1976
241.65 252.48 252.70 259.96 69 3 3 1977
252.48 252.70 259.96 257.07 69 3 3 1978
252.70 259.96 257.07 261.03 69 3 3 1979
259.96 257.07 261.03 256.37 69 3 3 1980
257.07 261.03 256.37 259.50 69 3 3 1981
261.03 256.37 259.50 254.85 69 3 3 1982
256.37 259.50 254.85 257.21 69 3 3 1983
259.50 254.85 257.21 249.21 69 3 3 1984
254.85 257.21 249.21 249.53 69 3 3 1985
257.21 249.21 249.53 240.17 69 3 3 1986
249.21 249.53 240.17 240.14 69 3 3 1987
249.53 240.17 240.14 230.78 69 3 3 1988
240.17 240.14 230.78 228.88 69 3 3 1989
240.14 230.78 228.88 218.45 69 3 3 1990
230.78 228.88 218.45 217.67 69 3 3 1991
228.88 218.45 217.67 208.81 69 3 3 1992
218.45 217.67 208.81 208.28 69 3 3 1993
217.67 208.81 208.28 198.20 69 3 3 1994
208.81 208.28 198.20 197.65 69 3 3 1995
208.28 198.20 197.65 189.12 69 3 3 1996
198.20 197.65 189.12 189.46 69 3 3 1997
197.65 189.12 189.46 182.61 69 3 3 1998
189.12 189.46 182.61 185.07 69 3 3 1999
189.46 182.61 185.07 179.14 69 3 3 2000
182.61 185.07 179.14 184.13 69 3 3 2001
185.07 179.14 184.13 182.02 69 3 3 2002
179.14 184.13 182.02 190.13 69 3 3 2003
184.13 182.02 190.13 190.78 69 3 3 2004
182.02 190.13 190.78 199.96 69 3 3 2005
190.13 190.78 199.96 200.78 69 3 3 2006
190.78 199.96 200.78 211.66 69 3 3 2007
199.96 200.78 211.66 213.85 69 3 3 2008
200.78 211.66 213.85 226.31 69 3 3 2009
211.66 213.85 226.31 230.63 69 3 3 2010
213.85 226.31 230.63 247.22 69 3 3 2011
226.31 230.63 247.22 257.86 69 3 3 2012
230.63 247.22 257.86 281.54 69 3 3 2013
247.22 257.86 281.54 302.53 69 3 3 2014
257.86 281.54 302.53 337.14 69 3 3 2015
281.54 302.53 337.14 362.77 69 3 3 2016
302.53 337.14 362.77 398.69 69 3 3 2017
337.14 362.77 398.69 431.41 69 3 3 2018
362.77 398.69 431.41 477.60 69 3 3 2019
398.69 431.41 477.60 493.30 69 3 3 2020
431.41 477.60 493.30 501.70 69 3 3 2021
477.60 493.30 501.70 477.48 69 3 3 2022
493.30 501.70 477.48 463.15 69 3 3 2023
501.70 477.48 463.15 447.49 69 3 3 2024
477.48 463.15 447.49 413.77 69 3 3 2025
463.15 447.49 413.77 349.11 69 3 3 2026
447.49 413.77 349.11 297.79 69 3 3 2027
413.77 349.11 297.79 255.96 69 3 3 2028
349.11 297.79 255.96 238.20 69 3 3 2029
297.79 255.96 238.20 219.20 69 3 3 2030
255.96 238.20 219.20 198.46 69 3 3 2031
238.20 219.20 198.46 143.64 69 3 3 2032
219.20 198.46 143.64 113.33 69 3 3 2033
198.46 143.64 113.33 082.17 69 3 3 2034
143.64 113.33 082.17 070.40 69 3 3 2035
113.33 082.17 070.40 052.63 69 3 3 2036
082.17 070.40 052.63 019.99 70 1 3 2037
070.40 052.63 019.99 003.30 70 1 1 2038
052.63 019.99 003.30 009.46 70 1 1 2039
019.99 003.30 009.46 005.51 70 1 1 2040
003.30 009.46 005.51 010.68 70 1 1 2041
009.46 005.51 010.68 006.75 70 1 1 2042
005.51 010.68 006.75 011.86 71 0 0 2043
010.68 006.75 011.86 007.60 71 0 0 2044
006.75 011.86 007.60 012.20 71 0 0 2045
011.86 007.60 012.20 007.32 71 0 0 2046
007.60 012.20 007.32 011.54 71 0 0 2047
012.20 007.32 011.54 006.75 71 0 0 2048
007.32 011.54 006.75 011.50 71 0 0 2049
011.54 006.75 011.50 007.42 71 0 0 2050
006.75 011.50 007.42 012.08 71 0 0 2051
011.50 007.42 012.08 007.58 71 0 0 2052
007.42 012.08 007.58 012.53 71 0 0 2053
012.08 007.58 012.53 008.39 71 0 0 2054
007.58 012.53 008.39 013.08 71 0 0 2055
012.53 008.39 013.08 008.94 71 0 0 2056
008.39 013.08 008.94 013.01 71 0 0 2057
013.08 008.94 013.01 008.11 71 0 0 2058
008.94 013.01 008.11 012.02 71 0 0 2059
013.01 008.11 012.02 007.64 71 0 0 2060
008.11 012.02 007.64 011.62 71 0 0 2061
012.02 007.64 011.62 007.19 71 0 0 2062
007.64 011.62 007.19 011.68 71 0 0 2063
011.62 007.19 011.68 007.36 71 0 0 2064
007.19 011.68 007.36 011.82 71 0 0 2065
011.68 007.36 011.82 007.07 71 0 0 2066
007.36 011.82 007.07 011.88 71 0 0 2067
011.82 007.07 011.88 007.19 71 0 0 2068
007.07 011.88 007.19 011.93 71 0 0 2069
011.88 007.19 011.93 007.27 71 0 0 2070
007.19 011.93 007.27 011.82 71 0 0 2071
011.93 007.27 011.82 007.41 71 0 0 2072
007.27 011.82 007.41 011.91 71 0 0 2073
011.82 007.41 011.91 006.88 71 0 0 2074
007.41 011.91 006.88 011.74 71 0 0 2075
011.91 006.88 011.74 007.77 71 0 0 2076
006.88 011.74 007.77 013.63 71 0 0 2077
011.74 007.77 013.63 010.94 72 2 0 2078
007.77 013.63 010.94 018.75 72 2 0 2079
013.63 010.94 018.75 015.75 72 2 2 2080
010.94 018.75 015.75 023.62 72 2 2 2081
018.75 015.75 023.62 033.84 72 2 2 2082
015.75 023.62 033.84 073.09 72 2 2 2083
023.62 033.84 073.09 135.14 73 3 2 2084
033.84 073.09 135.14 192.46 73 3 2 2085
073.09 135.14 192.46 212.57 73 3 3 2086
135.14 192.46 212.57 227.16 73 3 3 2087
192.46 212.57 227.16 246.71 73 3 3 2088
212.57 227.16 246.71 272.86 73 3 3 2089
227.16 246.71 272.86 291.55 73 3 3 2090
246.71 272.86 291.55 311.65 73 3 3 2091
272.86 291.55 311.65 290.88 73 3 3 2092
291.55 311.65 290.88 277.67 73 3 3 2093
311.65 290.88 277.67 266.03 73 3 3 2094
290.88 277.67 266.03 271.39 73 3 3 2095
277.67 266.03 271.39 271.73 73 3 3 2096
266.03 271.39 271.73 276.19 73 3 3 2097
271.39 271.73 276.19 271.67 73 3 3 2098
271.73 276.19 271.67 272.83 73 3 3 2099
276.19 271.67 272.83 266.82 73 3 3 2100
271.67 272.83 266.82 268.30 73 3 3 2101
272.83 266.82 268.30 263.00 73 3 3 2102
266.82 268.30 263.00 264.47 73 3 3 2103
268.30 263.00 264.47 258.28 73 3 3 2104
263.00 264.47 258.28 257.70 73 3 3 2105
264.47 258.28 257.70 251.71 73 3 3 2106
258.28 257.70 251.71 250.70 73 3 3 2107
