186.60 175.07 166.83 160.63 01 3 3 0004
175.07 166.83 160.63 153.64 01 3 3 0005
166.83 160.63 153.64 148.41 01 3 3 0006
160.63 153.64 148.41 146.43 01 3 3 0007
153.64 148.41 146.43 147.28 01 3 3 0008
148.41 146.43 147.28 150.07 01 3 3 0009
146.43 147.28 150.07 154.54 01 3 3 0010
147.28 150.07 154.54 165.02 01 3 3 0011
150.07 154.54 165.02 183.67 01 3 3 0012
154.54 165.02 183.67 208.77 01 3 3 0013
165.02 183.67 208.77 240.40 01 3 3 0014
183.67 208.77 240.40 279.34 01 3 3 0015
208.77 240.40 279.34 317.31 01 3 3 0016
240.40 279.34 317.31 358.85 01 3 3 0017
279.34 317.31 358.85 406.44 01 3 3 0018
317.31 358.85 406.44 444.05 01 3 3 0019
358.85 406.44 444.05 473.51 01 3 3 0020
406.44 444.05 473.51 507.05 01 3 3 0021
444.05 473.51 507.05 530.67 01 3 3 0022
473.51 507.05 530.67 521.06 01 3 3 0023
507.05 530.67 521.06 496.42 01 3 3 0024
530.67 521.06 496.42 447.06 01 3 3 0025
521.06 496.42 447.06 379.45 01 3 3 0026
496.42 447.06 379.45 327.51 01 3 3 0027
447.06 379.45 327.51 295.18 01 3 3 0028
379.45 327.51 295.18 270.72 01 3 3 0029
327.51 295.18 270.72 195.25 01 3 3 0030
295.18 270.72 195.25 125.15 01 3 3 0031
270.72 195.25 125.15 081.78 01 3 3 0032
195.25 125.15 081.78 051.71 01 3 3 0033
125.15 081.78 051.71 034.30 02 1 3 0034
081.78 051.71 034.30 005.72 02 1 1 0035
051.71 034.30 005.72 000.20 02 1 1 0036
034.30 005.72 000.20 -00.75 02 1 1 0037
005.72 000.20 -00.75 -02.06 02 1 1 0038
000.20 -00.75 -02.06 -01.54 02 1 1 0039
-00.75 -02.06 -01.54 -00.99 03 0 0 0040
-02.06 -01.54 -00.99 -00.08 03 0 0 0041
-01.54 -00.99 -00.08 -00.81 03 0 0 0042
-00.99 -00.08 -00.81 000.14 03 0 0 0043
-00.08 -00.81 000.14 -00.53 03 0 0 0044
-00.81 000.14 -00.53 -00.28 03 0 0 0045
000.14 -00.53 -00.28 -00.75 03 0 0 0046
-00.53 -00.28 -00.75 -00.67 03 0 0 0047
-00.28 -00.75 -00.67 -01.25 03 0 0 0048
-00.75 -00.67 -01.25 -00.67 03 0 0 0049
-00.67 -01.25 -00.67 -00.82 03 0 0 0050
-01.25 -00.67 -00.82 -00.25 03 0 0 0051
-00.67 -00.82 -00.25 -00.25 03 0 0 0052
-00.82 -00.25 -00.25 000.37 03 0 0 0053
-00.25 -00.25 000.37 -00.11 03 0 0 0054
-00.25 000.37 -00.11 000.63 03 0 0 0055
000.37 -00.11 000.63 000.20 03 0 0 0056
-00.11 000.63 000.20 001.17 03 0 0 0057
000.63 000.20 001.17 000.46 03 0 0 0058
000.20 001.17 000.46 000.96 03 0 0 0059
001.17 000.46 000.96 000.14 03 0 0 0060
000.46 000.96 000.14 001.00 03 0 0 0061
000.96 000.14 001.00 000.48 03 0 0 0062
000.14 001.00 000.48 001.62 03 0 0 0063
001.00 000.48 001.62 001.83 03 0 0 0064
000.48 001.62 001.83 002.79 03 0 0 0065
001.62 001.83 002.79 002.33 03 0 0 0066
001.83 002.79 002.33 003.14 03 0 0 0067
002.79 002.33 003.14 002.75 03 0 0 0068
002.33 003.14 002.75 003.66 04 2 0 0069
003.14 002.75 003.66 003.62 04 2 0 0070
002.75 003.66 003.62 005.97 04 2 2 0071
003.66 003.62 005.97 011.58 04 2 2 0072
003.62 005.97 011.58 030.10 04 2 2 0073
005.97 011.58 030.10 076.16 04 2 2 0074
011.58 030.10 076.16 198.21 05 3 2 0075
030.10 076.16 198.21 330.63 05 3 2 0076
076.16 198.21 330.63 393.61 05 3 3 0077
198.21 330.63 393.61 417.94 05 3 3 0078
330.63 393.61 417.94 459.70 05 3 3 0079
393.61 417.94 459.70 458.91 05 3 3 0080
417.94 459.70 458.91 409.99 05 3 3 0081
459.70 458.91 409.99 370.78 05 3 3 0082
458.91 409.99 370.78 350.17 05 3 3 0083
409.99 370.78 350.17 339.95 05 3 3 0084
370.78 350.17 339.95 332.49 05 3 3 0085
350.17 339.95 332.49 323.76 05 3 3 0086
339.95 332.49 323.76 320.51 05 3 3 0087
332.49 323.76 320.51 316.61 05 3 3 0088
323.76 320.51 316.61 311.75 05 3 3 0089
320.51 316.61 311.75 300.79 05 3 3 0090
316.61 311.75 300.79 288.18 05 3 3 0091
311.75 300.79 288.18 273.57 05 3 3 0092
300.79 288.18 273.57 261.59 05 3 3 0093
288.18 273.57 261.59 246.50 05 3 3 0094
273.57 261.59 246.50 230.25 05 3 3 0095
261.59 246.50 230.25 208.94 05 3 3 0096
246.50 230.25 208.94 188.96 05 3 3 0097
230.25 208.94 188.96 167.81 05 3 3 0098
208.94 188.96 167.81 156.06 05 3 3 0099
188.96 167.81 156.06 149.24 05 3 3 0100
167.81 156.06 149.24 148.84 05 3 3 0101
156.06 149.24 148.84 149.15 05 3 3 0102
149.24 148.84 149.15 156.73 05 3 3 0103
148.84 149.15 156.73 165.15 05 3 3 0104
149.15 156.73 165.15 177.57 05 3 3 0105
156.73 165.15 177.57 191.43 05 3 3 0106
165.15 177.57 191.43 212.11 05 3 3 0107
177.57 191.43 212.11 234.23 05 3 3 0108
191.43 212.11 234.23 261.26 05 3 3 0109
212.11 234.23 261.26 289.86 05 3 3 0110
234.23 261.26 289.86 328.82 05 3 3 0111
261.26 289.86 328.82 372.13 05 3 3 0112
289.86 328.82 372.13 419.23 05 3 3 0113
328.82 372.13 419.23 468.41 05 3 3 0114
372.13 419.23 468.41 515.17 05 3 3 0115
419.23 468.41 515.17 552.36 05 3 3 0116
468.41 515.17 552.36 577.68 05 3 3 0117
515.17 552.36 577.68 581.11 05 3 3 0118
552.36 577.68 581.11 579.34 05 3 3 0119
577.68 581.11 579.34 547.26 05 3 3 0120
581.11 579.34 547.26 505.11 05 3 3 0121
579.34 547.26 505.11 462.47 05 3 3 0122
547.26 505.11 462.47 401.67 05 3 3 0123
505.11 462.47 401.67 338.09 05 3 3 0124
462.47 401.67 338.09 299.18 05 3 3 0125
401.67 338.09 299.18 277.95 05 3 3 0126
338.09 299.18 277.95 265.85 05 3 3 0127
299.18 277.95 265.85 233.34 05 3 3 0128
277.95 265.85 233.34 158.18 05 3 3 0129
265.85 233.34 158.18 100.98 05 3 3 0130
233.34 158.18 100.98 073.37 05 3 3 0131
158.18 100.98 073.37 046.23 06 1 3 0132
100.98 073.37 046.23 001.31 06 1 1 0133
073.37 046.23 001.31 003.08 06 1 1 0134
046.23 001.31 003.08 002.47 06 1 1 0135
001.31 003.08 002.47 000.25 06 1 1 0136
003.08 002.47 000.25 002.18 06 1 1 0137
002.47 000.25 002.18 001.90 07 0 0 0138
000.25 002.18 001.90 003.36 07 0 0 0139
002.18 001.90 003.36 002.35 07 0 0 0140
001.90 003.36 002.35 003.06 07 0 0 0141
003.36 002.35 003.06 001.60 07 0 0 0142
002.35 003.06 001.60 002.41 07 0 0 0143
003.06 001.60 002.41 001.40 07 0 0 0144
001.60 002.41 001.40 002.87 07 0 0 0145
002.41 001.40 002.87 001.98 07 0 0 0146
001.40 002.87 001.98 003.05 07 0 0 0147
002.87 001.98 003.05 001.73 07 0 0 0148
001.98 003.05 001.73 003.46 07 0 0 0149
003.05 001.73 003.46 002.65 07 0 0 0150
001.73 003.46 002.65 004.12 07 0 0 0151
003.46 002.65 004.12 003.34 07 0 0 0152
002.65 004.12 003.34 004.52 07 0 0 0153
004.12 003.34 004.52 003.50 07 0 0 0154
003.34 004.52 003.50 005.15 07 0 0 0155
004.52 003.50 005.15 003.28 07 0 0 0156
003.50 005.15 003.28 004.74 07 0 0 0157
005.15 003.28 004.74 003.72 07 0 0 0158
003.28 004.74 003.72 004.98 07 0 0 0159
004.74 003.72 004.98 003.69 07 0 0 0160
003.72 004.98 003.69 005.49 07 0 0 0161
004.98 003.69 005.49 004.59 07 0 0 0162
003.69 005.49 004.59 006.51 07 0 0 0163
005.49 004.59 006.51 005.65 07 0 0 0164
004.59 006.51 005.65 008.73 07 0 0 0165
006.51 005.65 008.73 008.57 08 2 0 0166
005.65 008.73 008.57 009.37 08 2 0 0167
008.73 008.57 009.37 007.63 08 2 2 0168
008.57 009.37 007.63 010.65 08 2 2 0169
009.37 007.63 010.65 039.00 08 2 2 0170
007.63 010.65 039.00 126.59 08 2 2 0171
010.65 039.00 126.59 301.82 09 3 2 0172
039.00 126.59 301.82 418.78 09 3 2 0173
126.59 301.82 418.78 474.42 09 3 3 0174
301.82 418.78 474.42 508.11 09 3 3 0175
418.78 474.42 508.11 547.48 09 3 3 0176
474.42 508.11 547.48 491.56 09 3 3 0177
508.11 547.48 491.56 423.42 09 3 3 0178
547.48 491.56 423.42 373.00 09 3 3 0179
491.56 423.42 373.00 350.99 09 3 3 0180
423.42 373.00 350.99 350.38 09 3 3 0181
373.00 350.99 350.38 345.11 09 3 3 0182
350.99 350.38 345.11 343.51 09 3 3 0183
350.38 345.11 343.51 336.88 09 3 3 0184
345.11 343.51 336.88 325.66 09 3 3 0185
343.51 336.88 325.66 301.56 09 3 3 0186
336.88 325.66 301.56 283.31 09 3 3 0187
325.66 301.56 283.31 264.75 09 3 3 0188
301.56 283.31 264.75 252.82 09 3 3 0189
283.31 264.75 252.82 244.19 09 3 3 0190
264.75 252.82 244.19 238.61 09 3 3 0191
252.82 244.19 238.61 225.47 09 3 3 0192
244.19 238.61 225.47 213.84 09 3 3 0193
238.61 225.47 213.84 200.71 09 3 3 0194
225.47 213.84 200.71 195.33 09 3 3 0195
213.84 200.71 195.33 192.36 09 3 3 0196
200.71 195.33 192.36 195.42 09 3 3 0197
195.33 192.36 195.42 198.99 09 3 3 0198
192.36 195.42 198.99 203.32 09 3 3 0199
195.42 198.99 203.32 207.57 09 3 3 0200
198.99 203.32 207.57 217.35 09 3 3 0201
203.32 207.57 217.35 223.91 09 3 3 0202
207.57 217.35 223.91 233.61 09 3 3 0203
217.35 223.91 233.61 245.28 09 3 3 0204
223.91 233.61 245.28 259.59 09 3 3 0205
233.61 245.28 259.59 273.08 09 3 3 0206
245.28 259.59 273.08 298.70 09 3 3 0207
259.59 273.08 298.70 328.05 09 3 3 0208
273.08 298.70 328.05 366.23 09 3 3 0209
298.70 328.05 366.23 405.59 09 3 3 0210
328.05 366.23 405.59 436.35 09 3 3 0211
366.23 405.59 436.35 453.67 09 3 3 0212
405.59 436.35 453.67 466.74 09 3 3 0213
436.35 453.67 466.74 478.32 09 3 3 0214
453.67 466.74 478.32 494.27 09 3 3 0215
466.74 478.32 494.27 518.81 09 3 3 0216
478.32 494.27 518.81 541.21 09 3 3 0217
494.27 518.81 541.21 537.66 09 3 3 0218
518.81 541.21 537.66 473.21 09 3 3 0219
541.21 537.66 473.21 379.32 09 3 3 0220
537.66 473.21 379.32 316.17 09 3 3 0221
473.21 379.32 316.17 250.02 09 3 3 0222
379.32 316.17 250.02 206.68 09 3 3 0223
316.17 250.02 206.68 190.88 09 3 3 0224
250.02 206.68 190.88 169.27 09 3 3 0225
206.68 190.88 169.27 119.46 09 3 3 0226
190.88 169.27 119.46 083.66 09 3 3 0227
169.27 119.46 083.66 062.59 09 3 3 0228
119.46 083.66 062.59 019.78 10 1 3 0229
083.66 062.59 019.78 009.36 10 1 1 0230
062.59 019.78 009.36 008.84 10 1 1 0231
019.78 009.36 008.84 007.82 10 1 1 0232
009.36 008.84 007.82 009.33 10 1 1 0233
008.84 007.82 009.33 008.26 10 1 1 0234
007.82 009.33 008.26 009.30 11 0 0 0235
009.33 008.26 009.30 008.49 11 0 0 0236
008.26 009.30 008.49 009.15 11 0 0 0237
009.30 008.49 009.15 008.22 11 0 0 0238
008.49 009.15 008.22 008.87 11 0 0 0239
009.15 008.22 008.87 008.44 11 0 0 0240
008.22 008.87 008.44 009.21 11 0 0 0241
008.87 008.44 009.21 008.89 11 0 0 0242
008.44 009.21 008.89 009.97 11 0 0 0243
009.21 008.89 009.97 009.43 11 0 0 0244
008.89 009.97 009.43 010.30 11 0 0 0245
009.97 009.43 010.30 009.67 11 0 0 0246
009.43 010.30 009.67 011.20 11 0 0 0247
010.30 009.67 011.20 010.61 11 0 0 0248
009.67 011.20 010.61 011.31 11 0 0 0249
011.20 010.61 011.31 010.83 11 0 0 0250
010.61 011.31 010.83 011.84 11 0 0 0251
011.31 010.83 011.84 011.25 11 0 0 0252
010.83 011.84 011.25 012.35 11 0 0 0253
011.84 011.25 012.35 011.18 11 0 0 0254
011.25 012.35 011.18 012.48 11 0 0 0255
012.35 011.18 012.48 011.77 11 0 0 0256
011.18 012.48 011.77 012.65 11 0 0 0257
012.48 011.77 012.65 013.02 11 0 0 0258
011.77 012.65 013.02 014.37 11 0 0 0259
012.65 013.02 014.37 014.16 11 0 0 0260
013.02 014.37 014.16 015.71 11 0 0 0261
014.37 014.16 015.71 015.09 11 0 0 0262
014.16 015.71 015.09 015.93 11 0 0 0263
015.71 015.09 015.93 015.71 12 2 0 0264
015.09 015.93 015.71 016.37 12 2 0 0265
015.93 015.71 016.37 015.37 12 2 2 0266
015.71 016.37 015.37 016.15 12 2 2 0267
016.37 015.37 016.15 024.35 12 2 2 0268
015.37 016.15 024.35 053.85 12 2 2 0269
016.15 024.35 053.85 177.52 13 3 2 0270
024.35 053.85 177.52 323.56 13 3 2 0271
053.85 177.52 323.56 385.54 13 3 3 0272
177.52 323.56 385.54 412.56 13 3 3 0273
323.56 385.54 412.56 426.06 13 3 3 0274
385.54 412.56 426.06 453.17 13 3 3 0275
412.56 426.06 453.17 412.33 13 3 3 0276
426.06 453.17 412.33 364.14 13 3 3 0277
453.17 412.33 364.14 324.28 13 3 3 0278
412.33 364.14 324.28 300.20 13 3 3 0279
364.14 324.28 300.20 300.07 13 3 3 0280
324.28 300.20 300.07 303.38 13 3 3 0281
300.20 300.07 303.38 307.94 13 3 3 0282
300.07 303.38 307.94 313.78 13 3 3 0283
303.38 307.94 313.78 316.16 13 3 3 0284
307.94 313.78 316.16 314.48 13 3 3 0285
313.78 316.16 314.48 306.13 13 3 3 0286
316.16 314.48 306.13 295.52 13 3 3 0287
314.48 306.13 295.52 281.14 13 3 3 0288
306.13 295.52 281.14 270.76 13 3 3 0289
295.52 281.14 270.76 259.79 13 3 3 0290
281.14 270.76 259.79 248.48 13 3 3 0291
270.76 259.79 248.48 235.17 13 3 3 0292
259.79 248.48 235.17 220.50 13 3 3 0293
248.48 235.17 220.50 204.59 13 3 3 0294
235.17 220.50 204.59 191.17 13 3 3 0295
220.50 204.59 191.17 179.32 13 3 3 0296
204.59 191.17 179.32 172.01 13 3 3 0297
191.17 179.32 172.01 165.43 13 3 3 0298
179.32 172.01 165.43 164.35 13 3 3 0299
172.01 165.43 164.35 164.36 13 3 3 0300
165.43 164.35 164.36 164.95 13 3 3 0301
164.35 164.36 164.95 168.93 13 3 3 0302
164.36 164.95 168.93 179.95 13 3 3 0303
164.95 168.93 179.95 189.67 13 3 3 0304
168.93 179.95 189.67 202.47 13 3 3 0305
179.95 189.67 202.47 221.79 13 3 3 0306
189.67 202.47 221.79 249.00 13 3 3 0307
202.47 221.79 249.00 280.20 13 3 3 0308
221.79 249.00 280.20 323.46 13 3 3 0309
249.00 280.20 323.46 375.80 13 3 3 0310
280.20 323.46 375.80 438.56 13 3 3 0311
323.46 375.80 438.56 509.11 13 3 3 0312
375.80 438.56 509.11 558.65 13 3 3 0313
438.56 509.11 558.65 589.10 13 3 3 0314
509.11 558.65 589.10 585.46 13 3 3 0315
558.65 589.10 585.46 582.14 13 3 3 0316
589.10 585.46 582.14 563.39 13 3 3 0317
585.46 582.14 563.39 511.83 13 3 3 0318
582.14 563.39 511.83 459.99 13 3 3 0319
563.39 511.83 459.99 394.14 13 3 3 0320
511.83 459.99 394.14 332.11 13 3 3 0321
459.99 394.14 332.11 296.44 13 3 3 0322
394.14 332.11 296.44 279.71 13 3 3 0323
332.11 296.44 279.71 266.23 13 3 3 0324
296.44 279.71 266.23 221.08 13 3 3 0325
279.71 266.23 221.08 155.58 13 3 3 0326
266.23 221.08 155.58 107.68 13 3 3 0327
221.08 155.58 107.68 082.17 13 3 3 0328
155.58 107.68 082.17 039.80 14 1 3 0329
107.68 082.17 039.80 009.03 14 1 1 0330
082.17 039.80 009.03 009.15 14 1 1 0331
039.80 009.03 009.15 008.23 14 1 1 0332
009.03 009.15 008.23 008.59 14 1 1 0333
009.15 008.23 008.59 009.64 14 1 1 0334
008.23 008.59 009.64 009.66 15 0 0 0335
008.59 009.64 009.66 010.42 15 0 0 0336
009.64 009.66 010.42 010.27 15 0 0 0337
009.66 010.42 010.27 010.51 15 0 0 0338
010.42 010.27 010.51 009.48 15 0 0 0339
010.27 010.51 009.48 009.60 15 0 0 0340
010.51 009.48 009.60 008.91 15 0 0 0341
009.48 009.60 008.91 009.05 15 0 0 0342
009.60 008.91 009.05 009.02 15 0 0 0343
008.91 009.05 009.02 009.14 15 0 0 0344
009.05 009.02 009.14 009.28 15 0 0 0345
009.02 009.14 009.28 009.47 15 0 0 0346
009.14 009.28 009.47 009.31 15 0 0 0347
009.28 009.47 009.31 009.37 15 0 0 0348
009.47 009.31 009.37 009.42 15 0 0 0349
009.31 009.37 009.42 010.00 15 0 0 0350
009.37 009.42 010.00 010.24 15 0 0 0351
009.42 010.00 010.24 010.80 15 0 0 0352
010.00 010.24 010.80 010.66 15 0 0 0353
010.24 010.80 010.66 010.68 15 0 0 0354
010.80 010.66 010.68 010.89 15 0 0 0355
010.66 010.68 010.89 011.50 15 0 0 0356
010.68 010.89 011.50 011.58 15 0 0 0357
010.89 011.50 011.58 012.60 15 0 0 0358
011.50 011.58 012.60 012.31 15 0 0 0359
011.58 012.60 012.31 012.90 15 0 0 0360
012.60 012.31 012.90 012.95 15 0 0 0361
012.31 012.90 012.95 014.59 15 0 0 0362
012.90 012.95 014.59 015.76 16 2 0 0363
012.95 014.59 015.76 016.34 16 2 0 0364
014.59 015.76 016.34 015.77 16 2 2 0365
015.76 016.34 015.77 015.96 16 2 2 0366
016.34 015.77 015.96 024.94 16 2 2 0367
015.77 015.96 024.94 058.72 16 2 2 0368
015.96 024.94 058.72 174.36 17 3 2 0369
024.94 058.72 174.36 333.34 17 3 2 0370
058.72 174.36 333.34 428.48 17 3 3 0371
174.36 333.34 428.48 472.28 17 3 3 0372
333.34 428.48 472.28 491.46 17 3 3 0373
428.48 472.28 491.46 523.35 17 3 3 0374
472.28 491.46 523.35 530.65 17 3 3 0375
491.46 523.35 530.65 488.64 17 3 3 0376
523.35 530.65 488.64 444.12 17 3 3 0377
530.65 488.64 444.12 398.54 17 3 3 0378
488.64 444.12 398.54 368.46 17 3 3 0379
444.12 398.54 368.46 361.60 17 3 3 0380
398.54 368.46 361.60 359.60 17 3 3 0381
368.46 361.60 359.60 356.75 17 3 3 0382
361.60 359.60 356.75 349.08 17 3 3 0383
359.60 356.75 349.08 343.93 17 3 3 0384
356.75 349.08 343.93 329.84 17 3 3 0385
349.08 343.93 329.84 311.58 17 3 3 0386
343.93 329.84 311.58 294.12 17 3 3 0387
329.84 311.58 294.12 273.81 17 3 3 0388
311.58 294.12 273.81 251.11 17 3 3 0389
294.12 273.81 251.11 235.47 17 3 3 0390
273.81 251.11 235.47 222.91 17 3 3 0391
251.11 235.47 222.91 212.29 17 3 3 0392
235.47 222.91 212.29 199.14 17 3 3 0393
222.91 212.29 199.14 187.84 17 3 3 0394
212.29 199.14 187.84 175.82 17 3 3 0395
199.14 187.84 175.82 167.93 17 3 3 0396
187.84 175.82 167.93 162.30 17 3 3 0397
175.82 167.93 162.30 160.98 17 3 3 0398
167.93 162.30 160.98 164.42 17 3 3 0399
162.30 160.98 164.42 171.63 17 3 3 0400
160.98 164.42 171.63 178.20 17 3 3 0401
164.42 171.63 178.20 186.47 17 3 3 0402
171.63 178.20 186.47 194.45 17 3 3 0403
178.20 186.47 194.45 209.16 17 3 3 0404
186.47 194.45 209.16 228.16 17 3 3 0405
194.45 209.16 228.16 259.67 17 3 3 0406
209.16 228.16 259.67 300.24 17 3 3 0407
228.16 259.67 300.24 348.10 17 3 3 0408
259.67 300.24 348.10 394.24 17 3 3 0409
300.24 348.10 394.24 446.47 17 3 3 0410
348.10 394.24 446.47 493.21 17 3 3 0411
394.24 446.47 493.21 527.00 17 3 3 0412
446.47 493.21 527.00 562.51 17 3 3 0413
493.21 527.00 562.51 586.67 17 3 3 0414
527.00 562.51 586.67 551.02 17 3 3 0415
562.51 586.67 551.02 519.19 17 3 3 0416
586.67 551.02 519.19 432.73 17 3 3 0417
551.02 519.19 432.73 356.32 17 3 3 0418
519.19 432.73 356.32 284.67 17 3 3 0419
432.73 356.32 284.67 244.11 17 3 3 0420
356.32 284.67 244.11 225.00 17 3 3 0421
284.67 244.11 225.00 206.41 17 3 3 0422
244.11 225.00 206.41 152.13 17 3 3 0423
225.00 206.41 152.13 104.08 17 3 3 0424
206.41 152.13 104.08 075.82 17 3 3 0425
152.13 104.08 075.82 042.52 18 1 3 0426
104.08 075.82 042.52 006.06 18 1 1 0427
075.82 042.52 006.06 009.18 18 1 1 0428
042.52 006.06 009.18 006.56 18 1 1 0429
006.06 009.18 006.56 006.96 18 1 1 0430
009.18 006.56 006.96 006.79 18 1 1 0431
006.56 006.96 006.79 008.68 19 0 0 0432
006.96 006.79 008.68 008.11 19 0 0 0433
006.79 008.68 008.11 009.04 19 0 0 0434
008.68 008.11 009.04 007.98 19 0 0 0435
008.11 009.04 007.98 009.48 19 0 0 0436
009.04 007.98 009.48 008.03 19 0 0 0437
007.98 009.48 008.03 009.29 19 0 0 0438
009.48 008.03 009.29 008.77 19 0 0 0439
008.03 009.29 008.77 010.00 19 0 0 0440
009.29 008.77 010.00 009.26 19 0 0 0441
008.77 010.00 009.26 010.10 19 0 0 0442
010.00 009.26 010.10 009.10 19 0 0 0443
009.26 010.10 009.10 010.44 19 0 0 0444
010.10 009.10 010.44 009.25 19 0 0 0445
009.10 010.44 009.25 010.96 19 0 0 0446
010.44 009.25 010.96 009.80 19 0 0 0447
009.25 010.96 009.80 011.19 19 0 0 0448
010.96 009.80 011.19 010.41 19 0 0 0449
009.80 011.19 010.41 011.52 19 0 0 0450
011.19 010.41 011.52 010.31 19 0 0 0451
010.41 011.52 010.31 011.69 19 0 0 0452
011.52 010.31 011.69 011.19 19 0 0 0453
010.31 011.69 011.19 012.62 19 0 0 0454
011.69 011.19 012.62 012.46 19 0 0 0455
011.19 012.62 012.46 014.50 19 0 0 0456
012.62 012.46 014.50 013.24 19 0 0 0457
012.46 014.50 013.24 014.68 19 0 0 0458
014.50 013.24 014.68 013.61 20 2 0 0459
013.24 014.68 013.61 015.13 20 2 0 0460
014.68 013.61 015.13 014.19 20 2 2 0461
013.61 015.13 014.19 022.81 20 2 2 0462
015.13 014.19 022.81 045.21 20 2 2 0463
014.19 022.81 045.21 163.99 20 2 2 0464
022.81 045.21 163.99 304.82 21 3 2 0465
045.21 163.99 304.82 372.03 21 3 2 0466
163.99 304.82 372.03 408.03 21 3 3 0467
304.82 372.03 408.03 445.64 21 3 3 0468
372.03 408.03 445.64 401.44 21 3 3 0469
408.03 445.64 401.44 355.89 21 3 3 0470
445.64 401.44 355.89 330.73 21 3 3 0471
401.44 355.89 330.73 329.73 21 3 3 0472
355.89 330.73 329.73 320.26 21 3 3 0473
330.73 329.73 320.26 319.55 21 3 3 0474
329.73 320.26 319.55 315.57 21 3 3 0475
320.26 319.55 315.57 315.26 21 3 3 0476
319.55 315.57 315.26 312.00 21 3 3 0477
315.57 315.26 312.00 311.73 21 3 3 0478
315.26 312.00 311.73 307.02 21 3 3 0479
312.00 311.73 307.02 297.82 21 3 3 0480
311.73 307.02 297.82 282.52 21 3 3 0481
307.02 297.82 282.52 266.99 21 3 3 0482
297.82 282.52 266.99 246.60 21 3 3 0483
282.52 266.99 246.60 226.55 21 3 3 0484
266.99 246.60 226.55 205.09 21 3 3 0485
246.60 226.55 205.09 187.74 21 3 3 0486
226.55 205.09 187.74 170.45 21 3 3 0487
205.09 187.74 170.45 158.21 21 3 3 0488
187.74 170.45 158.21 149.90 21 3 3 0489
170.45 158.21 149.90 150.83 21 3 3 0490
158.21 149.90 150.83 154.13 21 3 3 0491
149.90 150.83 154.13 163.45 21 3 3 0492
150.83 154.13 163.45 171.97 21 3 3 0493
154.13 163.45 171.97 185.36 21 3 3 0494
163.45 171.97 185.36 198.15 21 3 3 0495
171.97 185.36 198.15 215.69 21 3 3 0496
185.36 198.15 215.69 236.30 21 3 3 0497
198.15 215.69 236.30 263.03 21 3 3 0498
215.69 236.30 263.03 294.88 21 3 3 0499
236.30 263.03 294.88 338.26 21 3 3 0500
263.03 294.88 338.26 380.47 21 3 3 0501
294.88 338.26 380.47 431.30 21 3 3 0502
338.26 380.47 431.30 479.81 21 3 3 0503
380.47 431.30 479.81 521.19 21 3 3 0504
431.30 479.81 521.19 558.19 21 3 3 0505
479.81 521.19 558.19 596.39 21 3 3 0506
521.19 558.19 596.39 621.40 21 3 3 0507
558.19 596.39 621.40 611.72 21 3 3 0508
596.39 621.40 611.72 601.67 21 3 3 0509
621.40 611.72 601.67 557.12 21 3 3 0510
611.72 601.67 557.12 499.83 21 3 3 0511
601.67 557.12 499.83 432.78 21 3 3 0512
557.12 499.83 432.78 358.74 21 3 3 0513
499.83 432.78 358.74 312.37 21 3 3 0514
432.78 358.74 312.37 290.13 21 3 3 0515
358.74 312.37 290.13 275.08 21 3 3 0516
312.37 290.13 275.08 209.66 21 3 3 0517
290.13 275.08 209.66 142.43 21 3 3 0518
275.08 209.66 142.43 097.00 21 3 3 0519
209.66 142.43 097.00 074.85 21 3 3 0520
142.43 097.00 074.85 045.48 22 1 3 0521
097.00 074.85 045.48 006.34 22 1 1 0522
074.85 045.48 006.34 008.18 22 1 1 0523
045.48 006.34 008.18 008.05 22 1 1 0524
006.34 008.18 008.05 006.22 22 1 1 0525
008.18 008.05 006.22 007.17 22 1 1 0526
008.05 006.22 007.17 007.38 23 0 0 0527
006.22 007.17 007.38 009.19 23 0 0 0528
007.17 007.38 009.19 007.79 23 0 0 0529
007.38 009.19 007.79 008.30 23 0 0 0530
009.19 007.79 008.30 006.76 23 0 0 0531
007.79 008.30 006.76 007.79 23 0 0 0532
008.30 006.76 007.79 006.68 23 0 0 0533
006.76 007.79 006.68 007.95 23 0 0 0534
007.79 006.68 007.95 007.53 23 0 0 0535
006.68 007.95 007.53 008.28 23 0 0 0536
007.95 007.53 008.28 007.37 23 0 0 0537
007.53 008.28 007.37 008.90 23 0 0 0538
008.28 007.37 008.90 008.62 23 0 0 0539
007.37 008.90 008.62 010.09 23 0 0 0540
008.90 008.62 010.09 009.28 23 0 0 0541
008.62 010.09 009.28 009.95 23 0 0 0542
010.09 009.28 009.95 009.42 23 0 0 0543
009.28 009.95 009.42 010.55 23 0 0 0544
009.95 009.42 010.55 009.33 23 0 0 0545
009.42 010.55 009.33 010.20 23 0 0 0546
010.55 009.33 010.20 009.72 23 0 0 0547
009.33 010.20 009.72 011.21 23 0 0 0548
010.20 009.72 011.21 010.61 23 0 0 0549
009.72 011.21 010.61 012.00 23 0 0 0550
011.21 010.61 012.00 010.89 23 0 0 0551
010.61 012.00 010.89 011.89 23 0 0 0552
012.00 010.89 011.89 012.02 23 0 0 0553
010.89 011.89 012.02 014.85 24 2 0 0554
011.89 012.02 014.85 015.73 24 2 0 0555
012.02 014.85 015.73 016.16 24 2 2 0556
014.85 015.73 016.16 013.71 24 2 2 0557
015.73 016.16 013.71 028.33 24 2 2 0558
016.16 013.71 028.33 064.05 24 2 2 0559
013.71 028.33 064.05 212.43 25 3 2 0560
028.33 064.05 212.43 351.05 25 3 2 0561
064.05 212.43 351.05 408.02 25 3 3 0562
212.43 351.05 408.02 436.45 25 3 3 0563
351.05 408.02 436.45 467.14 25 3 3 0564
408.02 436.45 467.14 459.91 25 3 3 0565
436.45 467.14 459.91 405.89 25 3 3 0566
467.14 459.91 405.89 355.03 25 3 3 0567
459.91 405.89 355.03 328.18 25 3 3 0568
405.89 355.03 328.18 329.36 25 3 3 0569
355.03 328.18 329.36 330.85 25 3 3 0570
328.18 329.36 330.85 329.33 25 3 3 0571
329.36 330.85 329.33 328.73 25 3 3 0572
330.85 329.33 328.73 326.50 25 3 3 0573
329.33 328.73 326.50 322.38 25 3 3 0574
328.73 326.50 322.38 312.94 25 3 3 0575
326.50 322.38 312.94 300.77 25 3 3 0576
322.38 312.94 300.77 285.20 25 3 3 0577
312.94 300.77 285.20 269.31 25 3 3 0578
300.77 285.20 269.31 252.39 25 3 3 0579
285.20 269.31 252.39 237.87 25 3 3 0580
269.31 252.39 237.87 220.42 25 3 3 0581
252.39 237.87 220.42 201.72 25 3 3 0582
237.87 220.42 201.72 180.55 25 3 3 0583
220.42 201.72 180.55 164.89 25 3 3 0584
201.72 180.55 164.89 151.15 25 3 3 0585
180.55 164.89 151.15 143.15 25 3 3 0586
164.89 151.15 143.15 137.20 25 3 3 0587
151.15 143.15 137.20 136.52 25 3 3 0588
143.15 137.20 136.52 136.27 25 3 3 0589
137.20 136.52 136.27 141.18 25 3 3 0590
136.52 136.27 141.18 149.29 25 3 3 0591
136.27 141.18 149.29 164.18 25 3 3 0592
141.18 149.29 164.18 176.91 25 3 3 0593
149.29 164.18 176.91 195.03 25 3 3 0594
164.18 176.91 195.03 214.87 25 3 3 0595
176.91 195.03 214.87 241.71 25 3 3 0596
195.03 214.87 241.71 275.31 25 3 3 0597
214.87 241.71 275.31 318.47 25 3 3 0598
241.71 275.31 318.47 372.04 25 3 3 0599
275.31 318.47 372.04 433.22 25 3 3 0600
318.47 372.04 433.22 486.20 25 3 3 0601
372.04 433.22 486.20 531.29 25 3 3 0602
433.22 486.20 531.29 571.58 25 3 3 0603
486.20 531.29 571.58 599.95 25 3 3 0604
531.29 571.58 599.95 606.48 25 3 3 0605
571.58 599.95 606.48 575.18 25 3 3 0606
599.95 606.48 575.18 518.78 25 3 3 0607
606.48 575.18 518.78 445.47 25 3 3 0608
575.18 518.78 445.47 373.58 25 3 3 0609
518.78 445.47 373.58 307.33 25 3 3 0610
445.47 373.58 307.33 269.75 25 3 3 0611
373.58 307.33 269.75 252.79 25 3 3 0612
307.33 269.75 252.79 232.81 25 3 3 0613
269.75 252.79 232.81 168.11 25 3 3 0614
252.79 232.81 168.11 116.85 25 3 3 0615
232.81 168.11 116.85 088.61 25 3 3 0616
168.11 116.85 088.61 072.75 25 3 3 0617
116.85 088.61 072.75 020.24 26 1 3 0618
088.61 072.75 020.24 009.15 26 1 1 0619
072.75 020.24 009.15 009.05 26 1 1 0620
020.24 009.15 009.05 008.64 26 1 1 0621
009.15 009.05 008.64 010.39 26 1 1 0622
009.05 008.64 010.39 011.32 26 1 1 0623
008.64 010.39 011.32 011.64 27 0 0 0624
010.39 011.32 011.64 010.82 27 0 0 0625
011.32 011.64 010.82 011.12 27 0 0 0626
011.64 010.82 011.12 010.15 27 0 0 0627
010.82 011.12 010.15 010.26 27 0 0 0628
011.12 010.15 010.26 010.52 27 0 0 0629
010.15 010.26 010.52 010.92 27 0 0 0630
010.26 010.52 010.92 010.39 27 0 0 0631
010.52 010.92 010.39 010.92 27 0 0 0632
010.92 010.39 010.92 009.51 27 0 0 0633
010.39 010.92 009.51 009.92 27 0 0 0634
010.92 009.51 009.92 010.03 27 0 0 0635
009.51 009.92 010.03 010.56 27 0 0 0636
009.92 010.03 010.56 010.13 27 0 0 0637
010.03 010.56 010.13 010.73 27 0 0 0638
010.56 010.13 010.73 010.06 27 0 0 0639
010.13 010.73 010.06 010.58 27 0 0 0640
010.73 010.06 010.58 010.58 27 0 0 0641
010.06 010.58 010.58 011.06 27 0 0 0642
010.58 010.58 011.06 010.39 27 0 0 0643
010.58 011.06 010.39 010.89 27 0 0 0644
011.06 010.39 010.89 011.50 27 0 0 0645
010.39 010.89 011.50 012.44 27 0 0 0646
010.89 011.50 012.44 013.60 27 0 0 0647
011.50 012.44 013.60 014.33 27 0 0 0648
012.44 013.60 014.33 015.10 27 0 0 0649
013.60 014.33 015.10 015.78 27 0 0 0650
014.33 015.10 015.78 016.54 28 2 0 0651
015.10 015.78 016.54 017.22 28 2 0 0652
015.78 016.54 017.22 017.40 28 2 2 0653
016.54 017.22 017.40 018.39 28 2 2 0654
017.22 017.40 018.39 044.54 28 2 2 0655
017.40 018.39 044.54 137.58 28 2 2 0656
018.39 044.54 137.58 314.63 29 3 2 0657
044.54 137.58 314.63 430.15 29 3 2 0658
137.58 314.63 430.15 475.15 29 3 3 0659
314.63 430.15 475.15 495.99 29 3 3 0660
430.15 475.15 495.99 517.99 29 3 3 0661
475.15 495.99 517.99 541.45 29 3 3 0662
495.99 517.99 541.45 494.85 29 3 3 0663
517.99 541.45 494.85 446.61 29 3 3 0664
541.45 494.85 446.61 398.19 29 3 3 0665
494.85 446.61 398.19 367.09 29 3 3 0666
446.61 398.19 367.09 358.12 29 3 3 0667
398.19 367.09 358.12 352.89 29 3 3 0668
367.09 358.12 352.89 342.34 29 3 3 0669
358.12 352.89 342.34 336.50 29 3 3 0670
352.89 342.34 336.50 327.78 29 3 3 0671
342.34 336.50 327.78 313.11 29 3 3 0672
336.50 327.78 313.11 297.32 29 3 3 0673
327.78 313.11 297.32 275.15 29 3 3 0674
313.11 297.32 275.15 253.46 29 3 3 0675
297.32 275.15 253.46 233.37 29 3 3 0676
275.15 253.46 233.37 213.98 29 3 3 0677
253.46 233.37 213.98 190.89 29 3 3 0678
233.37 213.98 190.89 168.12 29 3 3 0679
213.98 190.89 168.12 145.37 29 3 3 0680
190.89 168.12 145.37 126.29 29 3 3 0681
168.12 145.37 126.29 113.36 29 3 3 0682
145.37 126.29 113.36 105.06 29 3 3 0683
126.29 113.36 105.06 100.74 29 3 3 0684
113.36 105.06 100.74 099.38 29 3 3 0685
105.06 100.74 099.38 100.82 29 3 3 0686
100.74 099.38 100.82 107.68 29 3 3 0687
099.38 100.82 107.68 117.47 29 3 3 0688
100.82 107.68 117.47 130.86 29 3 3 0689
107.68 117.47 130.86 146.54 29 3 3 0690
117.47 130.86 146.54 167.89 29 3 3 0691
130.86 146.54 167.89 197.23 29 3 3 0692
146.54 167.89 197.23 228.84 29 3 3 0693
167.89 197.23 228.84 258.06 29 3 3 0694
197.23 228.84 258.06 289.90 29 3 3 0695
228.84 258.06 289.90 328.64 29 3 3 0696
258.06 289.90 328.64 371.57 29 3 3 0697
289.90 328.64 371.57 422.69 29 3 3 0698
328.64 371.57 422.69 480.53 29 3 3 0699
371.57 422.69 480.53 529.21 29 3 3 0700
422.69 480.53 529.21 562.10 29 3 3 0701
480.53 529.21 562.10 561.80 29 3 3 0702
529.21 562.10 561.80 534.94 29 3 3 0703
562.10 561.80 534.94 485.38 29 3 3 0704
561.80 534.94 485.38 430.61 29 3 3 0705
534.94 485.38 430.61 352.37 29 3 3 0706
485.38 430.61 352.37 295.12 29 3 3 0707
430.61 352.37 295.12 265.40 29 3 3 0708
352.37 295.12 265.40 250.55 29 3 3 0709
295.12 265.40 250.55 198.04 29 3 3 0710
265.40 250.55 198.04 121.38 29 3 3 0711
250.55 198.04 121.38 079.23 29 3 3 0712
198.04 121.38 079.23 058.99 29 3 3 0713
121.38 079.23 058.99 039.62 30 1 3 0714
079.23 058.99 039.62 -01.98 30 1 1 0715
058.99 039.62 -01.98 -00.21 30 1 1 0716
039.62 -01.98 -00.21 -01.53 30 1 1 0717
-01.98 -00.21 -01.53 -02.31 30 1 1 0718
-00.21 -01.53 -02.31 -01.02 30 1 1 0719
-01.53 -02.31 -01.02 -00.97 31 0 0 0720
-02.31 -01.02 -00.97 -00.26 31 0 0 0721
-01.02 -00.97 -00.26 -00.60 31 0 0 0722
-00.97 -00.26 -00.60 -00.83 31 0 0 0723
-00.26 -00.60 -00.83 -01.84 31 0 0 0724
-00.60 -00.83 -01.84 -01.11 31 0 0 0725
-00.83 -01.84 -01.11 -01.58 31 0 0 0726
-01.84 -01.11 -01.58 -01.02 31 0 0 0727
-01.11 -01.58 -01.02 -01.89 31 0 0 0728
-01.58 -01.02 -01.89 -00.55 31 0 0 0729
-01.02 -01.89 -00.55 -01.36 31 0 0 0730
-01.89 -00.55 -01.36 -00.11 31 0 0 0731
-00.55 -01.36 -00.11 -00.55 31 0 0 0732
-01.36 -00.11 -00.55 000.55 31 0 0 0733
-00.11 -00.55 000.55 000.25 31 0 0 0734
-00.55 000.55 000.25 001.19 31 0 0 0735
000.55 000.25 001.19 000.72 31 0 0 0736
000.25 001.19 000.72 000.89 31 0 0 0737
001.19 000.72 000.89 -00.37 31 0 0 0738
000.72 000.89 -00.37 -00.00 31 0 0 0739
000.89 -00.37 -00.00 -00.78 31 0 0 0740
-00.37 -00.00 -00.78 000.47 31 0 0 0741
-00.00 -00.78 000.47 -00.33 31 0 0 0742
-00.78 000.47 -00.33 001.55 31 0 0 0743
000.47 -00.33 001.55 001.57 31 0 0 0744
-00.33 001.55 001.57 003.53 31 0 0 0745
001.55 001.57 003.53 004.26 31 0 0 0746
001.57 003.53 004.26 006.01 31 0 0 0747
003.53 004.26 006.01 006.07 32 2 0 0748
004.26 006.01 006.07 007.15 32 2 0 0749
006.01 006.07 007.15 005.83 32 2 2 0750
006.07 007.15 005.83 010.38 32 2 2 0751
007.15 005.83 010.38 025.41 32 2 2 0752
005.83 010.38 025.41 065.28 32 2 2 0753
010.38 025.41 065.28 191.32 33 3 2 0754
025.41 065.28 191.32 314.22 33 3 2 0755
065.28 191.32 314.22 372.40 33 3 3 0756
191.32 314.22 372.40 411.19 33 3 3 0757
314.22 372.40 411.19 447.74 33 3 3 0758
372.40 411.19 447.74 412.35 33 3 3 0759
411.19 447.74 412.35 361.58 33 3 3 0760
447.74 412.35 361.58 323.61 33 3 3 0761
412.35 361.58 323.61 307.35 33 3 3 0762
361.58 323.61 307.35 303.14 33 3 3 0763
323.61 307.35 303.14 297.12 33 3 3 0764
307.35 303.14 297.12 298.51 33 3 3 0765
303.14 297.12 298.51 297.74 33 3 3 0766
297.12 298.51 297.74 298.85 33 3 3 0767
298.51 297.74 298.85 294.90 33 3 3 0768
297.74 298.85 294.90 289.62 33 3 3 0769
298.85 294.90 289.62 277.38 33 3 3 0770
294.90 289.62 277.38 265.59 33 3 3 0771
289.62 277.38 265.59 251.00 33 3 3 0772
277.38 265.59 251.00 235.16 33 3 3 0773
265.59 251.00 235.16 211.80 33 3 3 0774
251.00 235.16 211.80 191.03 33 3 3 0775
235.16 211.80 191.03 170.27 33 3 3 0776
211.80 191.03 170.27 152.13 33 3 3 0777
191.03 170.27 152.13 137.17 33 3 3 0778
170.27 152.13 137.17 130.41 33 3 3 0779
152.13 137.17 130.41 125.01 33 3 3 0780
137.17 130.41 125.01 128.15 33 3 3 0781
130.41 125.01 128.15 131.58 33 3 3 0782
125.01 128.15 131.58 138.88 33 3 3 0783
128.15 131.58 138.88 147.81 33 3 3 0784
131.58 138.88 147.81 159.42 33 3 3 0785
138.88 147.81 159.42 170.03 33 3 3 0786
147.81 159.42 170.03 185.68 33 3 3 0787
159.42 170.03 185.68 201.36 33 3 3 0788
170.03 185.68 201.36 221.19 33 3 3 0789
185.68 201.36 221.19 243.07 33 3 3 0790
201.36 221.19 243.07 273.98 33 3 3 0791
221.19 243.07 273.98 311.10 33 3 3 0792
243.07 273.98 311.10 356.34 33 3 3 0793
273.98 311.10 356.34 400.96 33 3 3 0794
311.10 356.34 400.96 450.89 33 3 3 0795
356.34 400.96 450.89 498.82 33 3 3 0796
400.96 450.89 498.82 543.92 33 3 3 0797
450.89 498.82 543.92 578.53 33 3 3 0798
498.82 543.92 578.53 589.58 33 3 3 0799
543.92 578.53 589.58 566.32 33 3 3 0800
578.53 589.58 566.32 525.53 33 3 3 0801
589.58 566.32 525.53 479.12 33 3 3 0802
566.32 525.53 479.12 419.14 33 3 3 0803
525.53 479.12 419.14 343.37 33 3 3 0804
479.12 419.14 343.37 295.30 33 3 3 0805
419.14 343.37 295.30 269.28 33 3 3 0806
343.37 295.30 269.28 255.80 33 3 3 0807
295.30 269.28 255.80 190.77 33 3 3 0808
269.28 255.80 190.77 109.75 33 3 3 0809
255.80 190.77 109.75 064.79 33 3 3 0810
190.77 109.75 064.79 050.64 33 3 3 0811
109.75 064.79 050.64 015.39 34 1 3 0812
064.79 050.64 015.39 003.06 34 1 1 0813
050.64 015.39 003.06 001.47 34 1 1 0814
015.39 003.06 001.47 001.56 34 1 1 0815
003.06 001.47 001.56 000.81 34 1 1 0816
001.47 001.56 000.81 001.75 34 1 1 0817
001.56 000.81 001.75 001.47 35 0 0 0818
000.81 001.75 001.47 003.18 35 0 0 0819
001.75 001.47 003.18 002.44 35 0 0 0820
001.47 003.18 002.44 003.35 35 0 0 0821
003.18 002.44 003.35 001.63 35 0 0 0822
002.44 003.35 001.63 003.01 35 0 0 0823
003.35 001.63 003.01 001.88 35 0 0 0824
001.63 003.01 001.88 003.01 35 0 0 0825
003.01 001.88 003.01 002.17 35 0 0 0826
001.88 003.01 002.17 003.57 35 0 0 0827
003.01 002.17 003.57 002.73 35 0 0 0828
002.17 003.57 002.73 004.08 35 0 0 0829
003.57 002.73 004.08 003.59 35 0 0 0830
002.73 004.08 003.59 005.70 35 0 0 0831
004.08 003.59 005.70 004.94 35 0 0 0832
003.59 005.70 004.94 006.42 35 0 0 0833
005.70 004.94 006.42 005.37 35 0 0 0834
004.94 006.42 005.37 006.67 35 0 0 0835
006.42 005.37 006.67 005.60 35 0 0 0836
005.37 006.67 005.60 006.55 35 0 0 0837
006.67 005.60 006.55 005.39 35 0 0 0838
005.60 006.55 005.39 007.22 35 0 0 0839
006.55 005.39 007.22 006.18 35 0 0 0840
005.39 007.22 006.18 008.27 35 0 0 0841
007.22 006.18 008.27 007.60 35 0 0 0842
006.18 008.27 007.60 009.80 35 0 0 0843
008.27 007.60 009.80 008.90 35 0 0 0844
007.60 009.80 008.90 011.14 36 2 0 0845
009.80 008.90 011.14 008.81 36 2 0 0846
008.90 011.14 008.81 009.53 36 2 2 0847
011.14 008.81 009.53 007.36 36 2 2 0848
008.81 009.53 007.36 036.95 36 2 2 0849
009.53 007.36 036.95 092.10 36 2 2 0850
007.36 036.95 092.10 251.14 37 3 2 0851
036.95 092.10 251.14 335.66 37 3 2 0852
092.10 251.14 335.66 361.07 37 3 3 0853
251.14 335.66 361.07 385.33 37 3 3 0854
335.66 361.07 385.33 413.06 37 3 3 0855
361.07 385.33 413.06 371.18 37 3 3 0856
385.33 413.06 371.18 334.61 37 3 3 0857
413.06 371.18 334.61 314.94 37 3 3 0858
371.18 334.61 314.94 321.23 37 3 3 0859
334.61 314.94 321.23 319.90 37 3 3 0860
314.94 321.23 319.90 323.16 37 3 3 0861
321.23 319.90 323.16 322.83 37 3 3 0862
319.90 323.16 322.83 325.55 37 3 3 0863
323.16 322.83 325.55 323.58 37 3 3 0864
322.83 325.55 323.58 320.75 37 3 3 0865
325.55 323.58 320.75 311.34 37 3 3 0866
323.58 320.75 311.34 296.86 37 3 3 0867
320.75 311.34 296.86 279.23 37 3 3 0868
311.34 296.86 279.23 264.78 37 3 3 0869
296.86 279.23 264.78 246.37 37 3 3 0870
279.23 264.78 246.37 229.83 37 3 3 0871
264.78 246.37 229.83 208.41 37 3 3 0872
246.37 229.83 208.41 186.38 37 3 3 0873
229.83 208.41 186.38 162.05 37 3 3 0874
208.41 186.38 162.05 145.69 37 3 3 0875
186.38 162.05 145.69 136.38 37 3 3 0876
162.05 145.69 136.38 133.04 37 3 3 0877
145.69 136.38 133.04 129.68 37 3 3 0878
136.38 133.04 129.68 131.07 37 3 3 0879
133.04 129.68 131.07 133.63 37 3 3 0880
129.68 131.07 133.63 142.56 37 3 3 0881
131.07 133.63 142.56 152.92 37 3 3 0882
133.63 142.56 152.92 168.07 37 3 3 0883
142.56 152.92 168.07 183.00 37 3 3 0884
152.92 168.07 183.00 202.16 37 3 3 0885
168.07 183.00 202.16 220.35 37 3 3 0886
183.00 202.16 220.35 242.64 37 3 3 0887
202.16 220.35 242.64 266.80 37 3 3 0888
220.35 242.64 266.80 299.19 37 3 3 0889
242.64 266.80 299.19 335.29 37 3 3 0890
266.80 299.19 335.29 379.17 37 3 3 0891
299.19 335.29 379.17 422.21 37 3 3 0892
335.29 379.17 422.21 470.54 37 3 3 0893
379.17 422.21 470.54 515.19 37 3 3 0894
422.21 470.54 515.19 557.11 37 3 3 0895
470.54 515.19 557.11 586.15 37 3 3 0896
515.19 557.11 586.15 600.59 37 3 3 0897
557.11 586.15 600.59 582.80 37 3 3 0898
586.15 600.59 582.80 544.48 37 3 3 0899
600.59 582.80 544.48 489.09 37 3 3 0900
582.80 544.48 489.09 432.68 37 3 3 0901
544.48 489.09 432.68 352.92 37 3 3 0902
489.09 432.68 352.92 301.03 37 3 3 0903
432.68 352.92 301.03 273.58 37 3 3 0904
352.92 301.03 273.58 260.46 37 3 3 0905
301.03 273.58 260.46 226.24 37 3 3 0906
273.58 260.46 226.24 144.68 37 3 3 0907
260.46 226.24 144.68 092.23 37 3 3 0908
226.24 144.68 092.23 067.43 37 3 3 0909
144.68 092.23 067.43 052.78 37 3 3 0910
092.23 067.43 052.78 004.82 38 1 3 0911
067.43 052.78 004.82 004.33 38 1 1 0912
052.78 004.82 004.33 003.18 38 1 1 0913
004.82 004.33 003.18 002.75 38 1 1 0914
004.33 003.18 002.75 004.20 38 1 1 0915
003.18 002.75 004.20 003.53 38 1 1 0916
002.75 004.20 003.53 003.78 39 0 0 0917
004.20 003.53 003.78 002.91 39 0 0 0918
003.53 003.78 002.91 003.38 39 0 0 0919
003.78 002.91 003.38 002.32 39 0 0 0920
002.91 003.38 002.32 003.16 39 0 0 0921
003.38 002.32 003.16 002.85 39 0 0 0922
002.32 003.16 002.85 003.68 39 0 0 0923
003.16 002.85 003.68 002.97 39 0 0 0924
002.85 003.68 002.97 004.21 39 0 0 0925
003.68 002.97 004.21 003.59 39 0 0 0926
002.97 004.21 003.59 004.40 39 0 0 0927
004.21 003.59 004.40 003.77 39 0 0 0928
003.59 004.40 003.77 004.45 39 0 0 0929
004.40 003.77 004.45 004.52 39 0 0 0930
003.77 004.45 004.52 005.06 39 0 0 0931
004.45 004.52 005.06 004.32 39 0 0 0932
004.52 005.06 004.32 005.66 39 0 0 0933
005.06 004.32 005.66 004.90 39 0 0 0934
004.32 005.66 004.90 005.68 39 0 0 0935
005.66 004.90 005.68 005.10 39 0 0 0936
004.90 005.68 005.10 005.51 39 0 0 0937
005.68 005.10 005.51 005.17 39 0 0 0938
005.10 005.51 005.17 006.75 39 0 0 0939
005.51 005.17 006.75 007.05 39 0 0 0940
005.17 006.75 007.05 008.11 39 0 0 0941
006.75 007.05 008.11 008.31 39 0 0 0942
007.05 008.11 008.31 009.63 39 0 0 0943
008.11 008.31 009.63 008.89 40 2 0 0944
008.31 009.63 008.89 009.96 40 2 0 0945
009.63 008.89 009.96 010.60 40 2 2 0946
008.89 009.96 010.60 018.36 40 2 2 0947
009.96 010.60 018.36 043.00 40 2 2 0948
010.60 018.36 043.00 136.77 40 2 2 0949
018.36 043.00 136.77 258.39 41 3 2 0950
043.00 136.77 258.39 326.89 41 3 2 0951
136.77 258.39 326.89 347.26 41 3 3 0952
258.39 326.89 347.26 385.30 41 3 3 0953
326.89 347.26 385.30 405.65 41 3 3 0954
347.26 385.30 405.65 362.61 41 3 3 0955
385.30 405.65 362.61 316.67 41 3 3 0956
405.65 362.61 316.67 291.39 41 3 3 0957
362.61 316.67 291.39 285.48 41 3 3 0958
316.67 291.39 285.48 283.83 41 3 3 0959
291.39 285.48 283.83 286.41 41 3 3 0960
285.48 283.83 286.41 291.52 41 3 3 0961
283.83 286.41 291.52 295.04 41 3 3 0962
286.41 291.52 295.04 296.35 41 3 3 0963
291.52 295.04 296.35 293.25 41 3 3 0964
295.04 296.35 293.25 287.92 41 3 3 0965
296.35 293.25 287.92 278.10 41 3 3 0966
293.25 287.92 278.10 268.32 41 3 3 0967
287.92 278.10 268.32 258.93 41 3 3 0968
278.10 268.32 258.93 248.77 41 3 3 0969
268.32 258.93 248.77 236.48 41 3 3 0970
258.93 248.77 236.48 223.80 41 3 3 0971
248.77 236.48 223.80 204.76 41 3 3 0972
236.48 223.80 204.76 186.01 41 3 3 0973
223.80 204.76 186.01 171.16 41 3 3 0974
204.76 186.01 171.16 159.40 41 3 3 0975
186.01 171.16 159.40 152.03 41 3 3 0976
171.16 159.40 152.03 150.56 41 3 3 0977
159.40 152.03 150.56 151.97 41 3 3 0978
152.03 150.56 151.97 156.59 41 3 3 0979
150.56 151.97 156.59 164.12 41 3 3 0980
151.97 156.59 164.12 175.64 41 3 3 0981
156.59 164.12 175.64 187.32 41 3 3 0982
164.12 175.64 187.32 202.71 41 3 3 0983
175.64 187.32 202.71 222.19 41 3 3 0984
187.32 202.71 222.19 243.76 41 3 3 0985
202.71 222.19 243.76 269.57 41 3 3 0986
222.19 243.76 269.57 304.89 41 3 3 0987
243.76 269.57 304.89 349.93 41 3 3 0988
269.57 304.89 349.93 398.80 41 3 3 0989
304.89 349.93 398.80 441.67 41 3 3 0990
349.93 398.80 441.67 484.13 41 3 3 0991
398.80 441.67 484.13 515.65 41 3 3 0992
441.67 484.13 515.65 551.92 41 3 3 0993
484.13 515.65 551.92 589.05 41 3 3 0994
515.65 551.92 589.05 616.14 41 3 3 0995
551.92 589.05 616.14 589.85 41 3 3 0996
589.05 616.14 589.85 563.02 41 3 3 0997
616.14 589.85 563.02 493.06 41 3 3 0998
589.85 563.02 493.06 429.48 41 3 3 0999
563.02 493.06 429.48 363.88 41 3 3 1000
493.06 429.48 363.88 303.97 41 3 3 1001
429.48 363.88 303.97 271.81 41 3 3 1002
363.88 303.97 271.81 255.10 41 3 3 1003
303.97 271.81 255.10 224.65 41 3 3 1004
271.81 255.10 224.65 152.60 41 3 3 1005
255.10 224.65 152.60 098.63 41 3 3 1006
224.65 152.60 098.63 073.17 41 3 3 1007
152.60 098.63 073.17 045.86 42 1 3 1008
098.63 073.17 045.86 006.51 42 1 1 1009
073.17 045.86 006.51 009.47 42 1 1 1010
045.86 006.51 009.47 007.59 42 1 1 1011
006.51 009.47 007.59 007.37 42 1 1 1012
009.47 007.59 007.37 007.46 42 1 1 1013
007.59 007.37 007.46 007.67 43 0 0 1014
007.37 007.46 007.67 007.79 43 0 0 1015
007.46 007.67 007.79 007.76 43 0 0 1016
007.67 007.79 007.76 007.41 43 0 0 1017
007.79 007.76 007.41 007.62 43 0 0 1018
007.76 007.41 007.62 007.97 43 0 0 1019
007.41 007.62 007.97 008.49 43 0 0 1020
007.62 007.97 008.49 008.64 43 0 0 1021
007.97 008.49 008.64 009.21 43 0 0 1022
008.49 008.64 009.21 008.95 43 0 0 1023
008.64 009.21 008.95 009.50 43 0 0 1024
009.21 008.95 009.50 009.15 43 0 0 1025
008.95 009.50 009.15 010.38 43 0 0 1026
009.50 009.15 010.38 009.95 43 0 0 1027
009.15 010.38 009.95 010.93 43 0 0 1028
010.38 009.95 010.93 010.99 43 0 0 1029
009.95 010.93 010.99 011.13 43 0 0 1030
010.93 010.99 011.13 011.39 43 0 0 1031
010.99 011.13 011.39 011.98 43 0 0 1032
011.13 011.39 011.98 011.85 43 0 0 1033
011.39 011.98 011.85 012.03 43 0 0 1034
011.98 011.85 012.03 011.44 43 0 0 1035
011.85 012.03 011.44 013.10 43 0 0 1036
012.03 011.44 013.10 012.74 43 0 0 1037
011.44 013.10 012.74 014.52 43 0 0 1038
013.10 012.74 014.52 015.34 43 0 0 1039
012.74 014.52 015.34 016.62 43 0 0 1040
014.52 015.34 016.62 016.41 43 0 0 1041
015.34 016.62 016.41 017.19 44 2 0 1042
016.62 016.41 017.19 017.12 44 2 0 1043
016.41 017.19 017.12 017.86 44 2 2 1044
017.19 017.12 017.86 017.95 44 2 2 1045
017.12 017.86 017.95 035.07 44 2 2 1046
017.86 017.95 035.07 084.04 44 2 2 1047
017.95 035.07 084.04 227.31 45 3 2 1048
035.07 084.04 227.31 362.11 45 3 2 1049
084.04 227.31 362.11 417.44 45 3 3 1050
227.31 362.11 417.44 444.53 45 3 3 1051
362.11 417.44 444.53 481.37 45 3 3 1052
417.44 444.53 481.37 445.43 45 3 3 1053
444.53 481.37 445.43 388.52 45 3 3 1054
481.37 445.43 388.52 346.59 45 3 3 1055
445.43 388.52 346.59 319.17 45 3 3 1056
388.52 346.59 319.17 308.10 45 3 3 1057
346.59 319.17 308.10 307.93 45 3 3 1058
319.17 308.10 307.93 303.65 45 3 3 1059
308.10 307.93 303.65 302.52 45 3 3 1060
307.93 303.65 302.52 300.11 45 3 3 1061
303.65 302.52 300.11 298.11 45 3 3 1062
302.52 300.11 298.11 289.76 45 3 3 1063
300.11 298.11 289.76 279.47 45 3 3 1064
298.11 289.76 279.47 263.51 45 3 3 1065
289.76 279.47 263.51 248.79 45 3 3 1066
279.47 263.51 248.79 234.75 45 3 3 1067
263.51 248.79 234.75 222.39 45 3 3 1068
248.79 234.75 222.39 208.23 45 3 3 1069
234.75 222.39 208.23 193.23 45 3 3 1070
222.39 208.23 193.23 176.90 45 3 3 1071
208.23 193.23 176.90 166.42 45 3 3 1072
193.23 176.90 166.42 157.06 45 3 3 1073
176.90 166.42 157.06 151.25 45 3 3 1074
166.42 157.06 151.25 147.28 45 3 3 1075
157.06 151.25 147.28 147.73 45 3 3 1076
151.25 147.28 147.73 149.08 45 3 3 1077
147.28 147.73 149.08 151.41 45 3 3 1078
147.73 149.08 151.41 155.88 45 3 3 1079
149.08 151.41 155.88 166.42 45 3 3 1080
151.41 155.88 166.42 179.29 45 3 3 1081
155.88 166.42 179.29 197.08 45 3 3 1082
166.42 179.29 197.08 215.14 45 3 3 1083
179.29 197.08 215.14 237.80 45 3 3 1084
197.08 215.14 237.80 267.64 45 3 3 1085
215.14 237.80 267.64 308.38 45 3 3 1086
237.80 267.64 308.38 354.05 45 3 3 1087
267.64 308.38 354.05 409.85 45 3 3 1088
308.38 354.05 409.85 460.66 45 3 3 1089
354.05 409.85 460.66 508.00 45 3 3 1090
409.85 460.66 508.00 549.59 45 3 3 1091
460.66 508.00 549.59 584.17 45 3 3 1092
508.00 549.59 584.17 603.17 45 3 3 1093
549.59 584.17 603.17 581.59 45 3 3 1094
584.17 603.17 581.59 533.45 45 3 3 1095
603.17 581.59 533.45 474.36 45 3 3 1096
581.59 533.45 474.36 410.35 45 3 3 1097
533.45 474.36 410.35 339.36 45 3 3 1098
474.36 410.35 339.36 288.94 45 3 3 1099
410.35 339.36 288.94 265.51 45 3 3 1100
339.36 288.94 265.51 251.36 45 3 3 1101
288.94 265.51 251.36 219.37 45 3 3 1102
265.51 251.36 219.37 145.14 45 3 3 1103
251.36 219.37 145.14 093.96 45 3 3 1104
219.37 145.14 093.96 066.89 45 3 3 1105
145.14 093.96 066.89 039.59 46 1 3 1106
093.96 066.89 039.59 -00.75 46 1 1 1107
066.89 039.59 -00.75 002.91 46 1 1 1108
039.59 -00.75 002.91 000.79 46 1 1 1109
-00.75 002.91 000.79 001.57 46 1 1 1110
002.91 000.79 001.57 001.83 46 1 1 1111
000.79 001.57 001.83 003.09 47 0 0 1112
001.57 001.83 003.09 002.23 47 0 0 1113
001.83 003.09 002.23 002.54 47 0 0 1114
003.09 002.23 002.54 001.31 47 0 0 1115
002.23 002.54 001.31 002.16 47 0 0 1116
002.54 001.31 002.16 001.15 47 0 0 1117
001.31 002.16 001.15 003.03 47 0 0 1118
002.16 001.15 003.03 002.10 47 0 0 1119
001.15 003.03 002.10 002.79 47 0 0 1120
003.03 002.10 002.79 001.43 47 0 0 1121
002.10 002.79 001.43 002.84 47 0 0 1122
002.79 001.43 002.84 001.85 47 0 0 1123
001.43 002.84 001.85 003.22 47 0 0 1124
002.84 001.85 003.22 002.09 47 0 0 1125
001.85 003.22 002.09 003.80 47 0 0 1126
003.22 002.09 003.80 002.78 47 0 0 1127
002.09 003.80 002.78 004.12 47 0 0 1128
003.80 002.78 004.12 002.85 47 0 0 1129
002.78 004.12 002.85 004.13 47 0 0 1130
004.12 002.85 004.13 003.20 47 0 0 1131
002.85 004.13 003.20 004.62 47 0 0 1132
004.13 003.20 004.62 003.96 47 0 0 1133
003.20 004.62 003.96 005.91 47 0 0 1134
004.62 003.96 005.91 005.25 47 0 0 1135
003.96 005.91 005.25 008.06 47 0 0 1136
005.91 005.25 008.06 007.99 47 0 0 1137
005.25 008.06 007.99 009.80 47 0 0 1138
008.06 007.99 009.80 008.46 47 0 0 1139
007.99 009.80 008.46 010.77 47 0 0 1140
009.80 008.46 010.77 009.13 48 2 0 1141
008.46 010.77 009.13 010.79 48 2 0 1142
010.77 009.13 010.79 008.73 48 2 2 1143
009.13 010.79 008.73 010.22 48 2 2 1144
010.79 008.73 010.22 034.72 48 2 2 1145
008.73 010.22 034.72 086.47 48 2 2 1146
010.22 034.72 086.47 213.53 49 3 2 1147
034.72 086.47 213.53 334.02 49 3 2 1148
086.47 213.53 334.02 389.83 49 3 3 1149
213.53 334.02 389.83 420.60 49 3 3 1150
334.02 389.83 420.60 451.40 49 3 3 1151
389.83 420.60 451.40 494.43 49 3 3 1152
420.60 451.40 494.43 459.78 49 3 3 1153
451.40 494.43 459.78 417.12 49 3 3 1154
494.43 459.78 417.12 374.48 49 3 3 1155
459.78 417.12 374.48 359.47 49 3 3 1156
417.12 374.48 359.47 356.53 49 3 3 1157
374.48 359.47 356.53 349.23 49 3 3 1158
359.47 356.53 349.23 342.40 49 3 3 1159
356.53 349.23 342.40 341.11 49 3 3 1160
349.23 342.40 341.11 334.54 49 3 3 1161
342.40 341.11 334.54 327.07 49 3 3 1162
341.11 334.54 327.07 317.07 49 3 3 1163
334.54 327.07 317.07 307.02 49 3 3 1164
327.07 317.07 307.02 294.90 49 3 3 1165
317.07 307.02 294.90 284.10 49 3 3 1166
307.02 294.90 284.10 272.87 49 3 3 1167
294.90 284.10 272.87 265.05 49 3 3 1168
284.10 272.87 265.05 252.53 49 3 3 1169
272.87 265.05 252.53 239.83 49 3 3 1170
265.05 252.53 239.83 223.31 49 3 3 1171
252.53 239.83 223.31 211.33 49 3 3 1172
239.83 223.31 211.33 197.81 49 3 3 1173
223.31 211.33 197.81 187.95 49 3 3 1174
211.33 197.81 187.95 177.62 49 3 3 1175
197.81 187.95 177.62 170.12 49 3 3 1176
187.95 177.62 170.12 162.34 49 3 3 1177
177.62 170.12 162.34 161.92 49 3 3 1178
170.12 162.34 161.92 162.51 49 3 3 1179
162.34 161.92 162.51 168.82 49 3 3 1180
161.92 162.51 168.82 176.47 49 3 3 1181
162.51 168.82 176.47 190.31 49 3 3 1182
168.82 176.47 190.31 213.15 49 3 3 1183
176.47 190.31 213.15 247.51 49 3 3 1184
190.31 213.15 247.51 288.26 49 3 3 1185
213.15 247.51 288.26 341.20 49 3 3 1186
247.51 288.26 341.20 397.57 49 3 3 1187
288.26 341.20 397.57 452.99 49 3 3 1188
341.20 397.57 452.99 494.89 49 3 3 1189
397.57 452.99 494.89 537.63 49 3 3 1190
452.99 494.89 537.63 573.22 49 3 3 1191
494.89 537.63 573.22 592.41 49 3 3 1192
537.63 573.22 592.41 562.45 49 3 3 1193
573.22 592.41 562.45 506.48 49 3 3 1194
592.41 562.45 506.48 429.49 49 3 3 1195
562.45 506.48 429.49 352.25 49 3 3 1196
506.48 429.49 352.25 282.27 49 3 3 1197
429.49 352.25 282.27 247.74 49 3 3 1198
352.25 282.27 247.74 229.79 49 3 3 1199
282.27 247.74 229.79 215.29 49 3 3 1200
247.74 229.79 215.29 160.34 49 3 3 1201
229.79 215.29 160.34 108.49 49 3 3 1202
215.29 160.34 108.49 074.86 49 3 3 1203
160.34 108.49 074.86 050.56 49 3 3 1204
108.49 074.86 050.56 001.04 50 1 3 1205
074.86 050.56 001.04 003.68 50 1 1 1206
050.56 001.04 003.68 000.56 50 1 1 1207
001.04 003.68 000.56 000.61 50 1 1 1208
003.68 000.56 000.61 -00.22 50 1 1 1209
000.56 000.61 -00.22 000.74 50 1 1 1210
000.61 -00.22 000.74 -00.12 51 0 0 1211
-00.22 000.74 -00.12 000.99 51 0 0 1212
000.74 -00.12 000.99 -00.34 51 0 0 1213
-00.12 000.99 -00.34 000.47 51 0 0 1214
000.99 -00.34 000.47 -00.15 51 0 0 1215
-00.34 000.47 -00.15 001.16 51 0 0 1216
000.47 -00.15 001.16 000.43 51 0 0 1217
-00.15 001.16 000.43 002.13 51 0 0 1218
001.16 000.43 002.13 001.03 51 0 0 1219
000.43 002.13 001.03 002.51 51 0 0 1220
002.13 001.03 002.51 001.77 51 0 0 1221
001.03 002.51 001.77 003.37 51 0 0 1222
002.51 001.77 003.37 003.02 51 0 0 1223
001.77 003.37 003.02 004.30 51 0 0 1224
003.37 003.02 004.30 003.80 51 0 0 1225
003.02 004.30 003.80 004.42 51 0 0 1226
004.30 003.80 004.42 002.87 51 0 0 1227
003.80 004.42 002.87 004.17 51 0 0 1228
004.42 002.87 004.17 002.83 51 0 0 1229
002.87 004.17 002.83 004.52 51 0 0 1230
004.17 002.83 004.52 003.74 51 0 0 1231
002.83 004.52 003.74 005.28 51 0 0 1232
004.52 003.74 005.28 004.86 51 0 0 1233
003.74 005.28 004.86 006.35 51 0 0 1234
005.28 004.86 006.35 006.57 51 0 0 1235
004.86 006.35 006.57 008.14 51 0 0 1236
006.35 006.57 008.14 008.68 52 2 0 1237
006.57 008.14 008.68 009.99 52 2 0 1238
008.14 008.68 009.99 008.16 52 2 2 1239
008.68 009.99 008.16 008.30 52 2 2 1240
009.99 008.16 008.30 021.41 52 2 2 1241
008.16 008.30 021.41 063.67 52 2 2 1242
008.30 021.41 063.67 221.55 53 3 2 1243
021.41 063.67 221.55 372.73 53 3 2 1244
063.67 221.55 372.73 434.61 53 3 3 1245
221.55 372.73 434.61 466.79 53 3 3 1246
372.73 434.61 466.79 493.73 53 3 3 1247
434.61 466.79 493.73 481.86 53 3 3 1248
466.79 493.73 481.86 425.42 53 3 3 1249
493.73 481.86 425.42 378.23 53 3 3 1250
481.86 425.42 378.23 351.44 53 3 3 1251
425.42 378.23 351.44 349.04 53 3 3 1252
378.23 351.44 349.04 343.34 53 3 3 1253
351.44 349.04 343.34 338.24 53 3 3 1254
349.04 343.34 338.24 333.36 53 3 3 1255
343.34 338.24 333.36 331.36 53 3 3 1256
338.24 333.36 331.36 323.13 53 3 3 1257
333.36 331.36 323.13 313.87 53 3 3 1258
331.36 323.13 313.87 298.71 53 3 3 1259
323.13 313.87 298.71 281.22 53 3 3 1260
313.87 298.71 281.22 259.74 53 3 3 1261
298.71 281.22 259.74 238.82 53 3 3 1262
281.22 259.74 238.82 218.89 53 3 3 1263
259.74 238.82 218.89 205.35 53 3 3 1264
238.82 218.89 205.35 193.40 53 3 3 1265
218.89 205.35 193.40 182.57 53 3 3 1266
205.35 193.40 182.57 170.20 53 3 3 1267
193.40 182.57 170.20 162.27 53 3 3 1268
182.57 170.20 162.27 155.28 53 3 3 1269
170.20 162.27 155.28 152.71 53 3 3 1270
162.27 155.28 152.71 153.63 53 3 3 1271
155.28 152.71 153.63 159.54 53 3 3 1272
152.71 153.63 159.54 167.43 53 3 3 1273
153.63 159.54 167.43 177.67 53 3 3 1274
159.54 167.43 177.67 188.96 53 3 3 1275
167.43 177.67 188.96 203.12 53 3 3 1276
177.67 188.96 203.12 216.65 53 3 3 1277
188.96 203.12 216.65 239.11 53 3 3 1278
203.12 216.65 239.11 272.15 53 3 3 1279
216.65 239.11 272.15 315.20 53 3 3 1280
239.11 272.15 315.20 361.85 53 3 3 1281
272.15 315.20 361.85 413.16 53 3 3 1282
315.20 361.85 413.16 464.36 53 3 3 1283
361.85 413.16 464.36 513.88 53 3 3 1284
413.16 464.36 513.88 554.22 53 3 3 1285
464.36 513.88 554.22 590.85 53 3 3 1286
513.88 554.22 590.85 619.67 53 3 3 1287
554.22 590.85 619.67 597.18 53 3 3 1288
590.85 619.67 597.18 579.97 53 3 3 1289
619.67 597.18 579.97 535.19 53 3 3 1290
597.18 579.97 535.19 461.71 53 3 3 1291
579.97 535.19 461.71 394.96 53 3 3 1292
535.19 461.71 394.96 323.54 53 3 3 1293
461.71 394.96 323.54 275.93 53 3 3 1294
394.96 323.54 275.93 253.02 53 3 3 1295
323.54 275.93 253.02 240.60 53 3 3 1296
275.93 253.02 240.60 204.26 53 3 3 1297
253.02 240.60 204.26 143.13 53 3 3 1298
240.60 204.26 143.13 099.06 53 3 3 1299
204.26 143.13 099.06 075.45 53 3 3 1300
143.13 099.06 075.45 042.09 54 1 3 1301
099.06 075.45 042.09 005.95 54 1 1 1302
075.45 042.09 005.95 007.51 54 1 1 1303
042.09 005.95 007.51 005.92 54 1 1 1304
005.95 007.51 005.92 005.92 54 1 1 1305
007.51 005.92 005.92 006.64 54 1 1 1306
005.92 005.92 006.64 007.05 55 0 0 1307
005.92 006.64 007.05 007.33 55 0 0 1308
006.64 007.05 007.33 006.43 55 0 0 1309
007.05 007.33 006.43 006.86 55 0 0 1310
007.33 006.43 006.86 006.57 55 0 0 1311
006.43 006.86 006.57 006.73 55 0 0 1312
006.86 006.57 006.73 006.44 55 0 0 1313
006.57 006.73 006.44 006.56 55 0 0 1314
006.73 006.44 006.56 006.95 55 0 0 1315
006.44 006.56 006.95 008.00 55 0 0 1316
006.56 006.95 008.00 008.00 55 0 0 1317
006.95 008.00 008.00 008.48 55 0 0 1318
008.00 008.00 008.48 008.31 55 0 0 1319
008.00 008.48 008.31 008.94 55 0 0 1320
008.48 008.31 008.94 009.38 55 0 0 1321
008.31 008.94 009.38 009.32 55 0 0 1322
008.94 009.38 009.32 009.30 55 0 0 1323
009.38 009.32 009.30 009.25 55 0 0 1324
009.32 009.30 009.25 009.03 55 0 0 1325
009.30 009.25 009.03 009.37 55 0 0 1326
009.25 009.03 009.37 008.91 55 0 0 1327
009.03 009.37 008.91 009.27 55 0 0 1328
009.37 008.91 009.27 009.26 55 0 0 1329
008.91 009.27 009.26 009.88 55 0 0 1330
009.27 009.26 009.88 009.79 55 0 0 1331
009.26 009.88 009.79 010.32 55 0 0 1332
009.88 009.79 010.32 011.12 55 0 0 1333
009.79 010.32 011.12 011.72 55 0 0 1334
010.32 011.12 011.72 012.23 55 0 0 1335
011.12 011.72 012.23 012.53 55 0 0 1336
011.72 012.23 012.53 013.18 55 0 0 1337
012.23 012.53 013.18 013.23 56 2 0 1338
012.53 013.18 013.23 013.25 56 2 0 1339
013.18 013.23 013.25 013.31 56 2 2 1340
013.23 013.25 013.31 013.37 56 2 2 1341
013.25 013.31 013.37 038.10 56 2 2 1342
013.31 013.37 038.10 102.70 56 2 2 1343
013.37 038.10 102.70 265.27 57 3 2 1344
038.10 102.70 265.27 394.47 57 3 2 1345
102.70 265.27 394.47 451.18 57 3 3 1346
265.27 394.47 451.18 479.64 57 3 3 1347
394.47 451.18 479.64 516.31 57 3 3 1348
451.18 479.64 516.31 528.04 57 3 3 1349
479.64 516.31 528.04 471.37 57 3 3 1350
516.31 528.04 471.37 414.75 57 3 3 1351
528.04 471.37 414.75 363.61 57 3 3 1352
471.37 414.75 363.61 350.00 57 3 3 1353
414.75 363.61 350.00 345.72 57 3 3 1354
363.61 350.00 345.72 337.49 57 3 3 1355
350.00 345.72 337.49 333.01 57 3 3 1356
345.72 337.49 333.01 329.71 57 3 3 1357
337.49 333.01 329.71 324.73 57 3 3 1358
333.01 329.71 324.73 318.07 57 3 3 1359
329.71 324.73 318.07 309.67 57 3 3 1360
324.73 318.07 309.67 297.44 57 3 3 1361
318.07 309.67 297.44 279.51 57 3 3 1362
309.67 297.44 279.51 264.07 57 3 3 1363
297.44 279.51 264.07 245.64 57 3 3 1364
279.51 264.07 245.64 225.72 57 3 3 1365
264.07 245.64 225.72 204.51 57 3 3 1366
245.64 225.72 204.51 182.96 57 3 3 1367
225.72 204.51 182.96 164.42 57 3 3 1368
204.51 182.96 164.42 146.10 57 3 3 1369
182.96 164.42 146.10 130.54 57 3 3 1370
164.42 146.10 130.54 120.79 57 3 3 1371
146.10 130.54 120.79 115.64 57 3 3 1372
130.54 120.79 115.64 114.75 57 3 3 1373
120.79 115.64 114.75 117.35 57 3 3 1374
115.64 114.75 117.35 123.96 57 3 3 1375
114.75 117.35 123.96 135.43 57 3 3 1376
117.35 123.96 135.43 147.32 57 3 3 1377
123.96 135.43 147.32 160.85 57 3 3 1378
135.43 147.32 160.85 177.83 57 3 3 1379
147.32 160.85 177.83 200.58 57 3 3 1380
160.85 177.83 200.58 227.53 57 3 3 1381
177.83 200.58 227.53 257.36 57 3 3 1382
200.58 227.53 257.36 295.18 57 3 3 1383
227.53 257.36 295.18 334.23 57 3 3 1384
257.36 295.18 334.23 369.20 57 3 3 1385
295.18 334.23 369.20 403.15 57 3 3 1386
334.23 369.20 403.15 440.99 57 3 3 1387
369.20 403.15 440.99 477.92 57 3 3 1388
403.15 440.99 477.92 513.17 57 3 3 1389
440.99 477.92 513.17 511.24 57 3 3 1390
477.92 513.17 511.24 505.13 57 3 3 1391
513.17 511.24 505.13 490.73 57 3 3 1392
511.24 505.13 490.73 430.10 57 3 3 1393
505.13 490.73 430.10 373.98 57 3 3 1394
490.73 430.10 373.98 329.20 57 3 3 1395
430.10 373.98 329.20 288.77 57 3 3 1396
373.98 329.20 288.77 215.24 57 3 3 1397
329.20 288.77 215.24 138.01 57 3 3 1398
288.77 215.24 138.01 090.25 57 3 3 1399
215.24 138.01 090.25 056.31 57 3 3 1400
138.01 090.25 056.31 035.90 58 1 3 1401
090.25 056.31 035.90 018.79 58 1 1 1402
056.31 035.90 018.79 -00.71 58 1 1 1403
035.90 018.79 -00.71 000.02 58 1 1 1404
018.79 -00.71 000.02 -00.88 58 1 1 1405
-00.71 000.02 -00.88 -01.32 58 1 1 1406
000.02 -00.88 -01.32 -00.07 59 0 0 1407
-00.88 -01.32 -00.07 -00.32 59 0 0 1408
-01.32 -00.07 -00.32 000.17 59 0 0 1409
-00.07 -00.32 000.17 -00.93 59 0 0 1410
-00.32 000.17 -00.93 000.22 59 0 0 1411
000.17 -00.93 000.22 -00.84 59 0 0 1412
-00.93 000.22 -00.84 000.04 59 0 0 1413
000.22 -00.84 000.04 -01.09 59 0 0 1414
-00.84 000.04 -01.09 -00.23 59 0 0 1415
000.04 -01.09 -00.23 -00.78 59 0 0 1416
-01.09 -00.23 -00.78 -00.24 59 0 0 1417
-00.23 -00.78 -00.24 -00.65 59 0 0 1418
-00.78 -00.24 -00.65 000.64 59 0 0 1419
-00.24 -00.65 000.64 000.09 59 0 0 1420
-00.65 000.64 000.09 000.70 59 0 0 1421
000.64 000.09 000.70 -00.04 59 0 0 1422
000.09 000.70 -00.04 000.67 59 0 0 1423
000.70 -00.04 000.67 000.45 59 0 0 1424
-00.04 000.67 000.45 000.72 59 0 0 1425
000.67 000.45 000.72 -00.25 59 0 0 1426
000.45 000.72 -00.25 000.45 59 0 0 1427
000.72 -00.25 000.45 000.12 59 0 0 1428
-00.25 000.45 000.12 001.24 59 0 0 1429
000.45 000.12 001.24 000.15 59 0 0 1430
000.12 001.24 000.15 001.91 59 0 0 1431
001.24 000.15 001.91 001.94 59 0 0 1432
000.15 001.91 001.94 003.09 59 0 0 1433
001.91 001.94 003.09 003.76 59 0 0 1434
001.94 003.09 003.76 005.74 60 2 0 1435
003.09 003.76 005.74 005.14 60 2 0 1436
003.76 005.74 005.14 005.93 60 2 2 1437
005.74 005.14 005.93 014.29 60 2 2 1438
005.14 005.93 014.29 046.27 60 2 2 1439
005.93 014.29 046.27 162.65 60 2 2 1440
014.29 046.27 162.65 312.35 61 3 2 1441
046.27 162.65 312.35 399.16 61 3 2 1442
162.65 312.35 399.16 433.74 61 3 3 1443
312.35 399.16 433.74 454.50 61 3 3 1444
399.16 433.74 454.50 490.32 61 3 3 1445
433.74 454.50 490.32 451.08 61 3 3 1446
454.50 490.32 451.08 398.07 61 3 3 1447
490.32 451.08 398.07 357.07 61 3 3 1448
451.08 398.07 357.07 337.70 61 3 3 1449
398.07 357.07 337.70 338.45 61 3 3 1450
357.07 337.70 338.45 342.39 61 3 3 1451
337.70 338.45 342.39 334.93 61 3 3 1452
338.45 342.39 334.93 332.58 61 3 3 1453
342.39 334.93 332.58 325.17 61 3 3 1454
334.93 332.58 325.17 316.07 61 3 3 1455
332.58 325.17 316.07 301.68 61 3 3 1456
325.17 316.07 301.68 290.53 61 3 3 1457
316.07 301.68 290.53 273.36 61 3 3 1458
301.68 290.53 273.36 258.78 61 3 3 1459
290.53 273.36 258.78 244.41 61 3 3 1460
273.36 258.78 244.41 234.25 61 3 3 1461
258.78 244.41 234.25 222.67 61 3 3 1462
244.41 234.25 222.67 213.38 61 3 3 1463
234.25 222.67 213.38 201.03 61 3 3 1464
222.67 213.38 201.03 187.14 61 3 3 1465
213.38 201.03 187.14 174.66 61 3 3 1466
201.03 187.14 174.66 167.10 61 3 3 1467
187.14 174.66 167.10 162.43 61 3 3 1468
174.66 167.10 162.43 162.45 61 3 3 1469
167.10 162.43 162.45 163.83 61 3 3 1470
162.43 162.45 163.83 170.64 61 3 3 1471
162.45 163.83 170.64 176.89 61 3 3 1472
163.83 170.64 176.89 187.63 61 3 3 1473
170.64 176.89 187.63 198.58 61 3 3 1474
176.89 187.63 198.58 216.56 61 3 3 1475
187.63 198.58 216.56 237.10 61 3 3 1476
198.58 216.56 237.10 265.74 61 3 3 1477
216.56 237.10 265.74 297.33 61 3 3 1478
237.10 265.74 297.33 340.80 61 3 3 1479
265.74 297.33 340.80 387.25 61 3 3 1480
297.33 340.80 387.25 439.31 61 3 3 1481
340.80 387.25 439.31 490.16 61 3 3 1482
387.25 439.31 490.16 534.63 61 3 3 1483
439.31 490.16 534.63 573.53 61 3 3 1484
490.16 534.63 573.53 609.67 61 3 3 1485
534.63 573.53 609.67 606.14 61 3 3 1486
573.53 609.67 606.14 575.26 61 3 3 1487
609.67 606.14 575.26 519.57 61 3 3 1488
606.14 575.26 519.57 449.64 61 3 3 1489
575.26 519.57 449.64 384.50 61 3 3 1490
519.57 449.64 384.50 317.85 61 3 3 1491
449.64 384.50 317.85 274.47 61 3 3 1492
384.50 317.85 274.47 255.57 61 3 3 1493
317.85 274.47 255.57 242.13 61 3 3 1494
274.47 255.57 242.13 210.12 61 3 3 1495
255.57 242.13 210.12 145.32 61 3 3 1496
242.13 210.12 145.32 101.75 61 3 3 1497
210.12 145.32 101.75 076.63 61 3 3 1498
145.32 101.75 076.63 053.87 61 3 3 1499
101.75 076.63 053.87 007.68 62 1 3 1500
076.63 053.87 007.68 011.02 62 1 1 1501
053.87 007.68 011.02 007.52 62 1 1 1502
007.68 011.02 007.52 008.43 62 1 1 1503
011.02 007.52 008.43 007.36 62 1 1 1504
007.52 008.43 007.36 009.27 62 1 1 1505
008.43 007.36 009.27 008.20 63 0 0 1506
007.36 009.27 008.20 009.26 63 0 0 1507
009.27 008.20 009.26 007.95 63 0 0 1508
008.20 009.26 007.95 008.73 63 0 0 1509
009.26 007.95 008.73 007.64 63 0 0 1510
007.95 008.73 007.64 008.92 63 0 0 1511
008.73 007.64 008.92 008.00 63 0 0 1512
007.64 008.92 008.00 009.13 63 0 0 1513
008.92 008.00 009.13 008.27 63 0 0 1514
008.00 009.13 008.27 009.46 63 0 0 1515
009.13 008.27 009.46 009.34 63 0 0 1516
008.27 009.46 009.34 010.70 63 0 0 1517
009.46 009.34 010.70 009.89 63 0 0 1518
009.34 010.70 009.89 011.32 63 0 0 1519
010.70 009.89 011.32 010.28 63 0 0 1520
009.89 011.32 010.28 012.07 63 0 0 1521
011.32 010.28 012.07 010.96 63 0 0 1522
010.28 012.07 010.96 012.26 63 0 0 1523
012.07 010.96 012.26 011.04 63 0 0 1524
010.96 012.26 011.04 012.26 63 0 0 1525
012.26 011.04 012.26 010.85 63 0 0 1526
011.04 012.26 010.85 012.16 63 0 0 1527
012.26 010.85 012.16 011.38 63 0 0 1528
010.85 012.16 011.38 012.74 63 0 0 1529
012.16 011.38 012.74 013.36 63 0 0 1530
011.38 012.74 013.36 013.90 63 0 0 1531
012.74 013.36 013.90 013.37 64 2 0 1532
013.36 013.90 013.37 015.11 64 2 0 1533
013.90 013.37 015.11 013.74 64 2 2 1534
013.37 015.11 013.74 021.65 64 2 2 1535
015.11 013.74 021.65 045.35 64 2 2 1536
013.74 021.65 045.35 120.67 64 2 2 1537
021.65 045.35 120.67 220.61 65 3 2 1538
045.35 120.67 220.61 299.72 65 3 2 1539
120.67 220.61 299.72 320.59 65 3 3 1540
220.61 299.72 320.59 332.17 65 3 3 1541
299.72 320.59 332.17 353.35 65 3 3 1542
320.59 332.17 353.35 317.81 65 3 3 1543
332.17 353.35 317.81 283.59 65 3 3 1544
353.35 317.81 283.59 283.58 65 3 3 1545
317.81 283.59 283.58 293.10 65 3 3 1546
283.59 283.58 293.10 296.75 65 3 3 1547
283.58 293.10 296.75 301.59 65 3 3 1548
293.10 296.75 301.59 305.07 65 3 3 1549
296.75 301.59 305.07 302.90 65 3 3 1550
301.59 305.07 302.90 302.81 65 3 3 1551
305.07 302.90 302.81 299.78 65 3 3 1552
302.90 302.81 299.78 293.84 65 3 3 1553
302.81 299.78 293.84 279.47 65 3 3 1554
299.78 293.84 279.47 267.53 65 3 3 1555
293.84 279.47 267.53 255.51 65 3 3 1556
279.47 267.53 255.51 243.12 65 3 3 1557
267.53 255.51 243.12 223.81 65 3 3 1558
255.51 243.12 223.81 203.50 65 3 3 1559
243.12 223.81 203.50 183.22 65 3 3 1560
223.81 203.50 183.22 172.66 65 3 3 1561
203.50 183.22 172.66 169.11 65 3 3 1562
183.22 172.66 169.11 171.86 65 3 3 1563
172.66 169.11 171.86 177.25 65 3 3 1564
169.11 171.86 177.25 187.67 65 3 3 1565
171.86 177.25 187.67 199.35 65 3 3 1566
177.25 187.67 199.35 215.58 65 3 3 1567
187.67 199.35 215.58 234.00 65 3 3 1568
199.35 215.58 234.00 254.54 65 3 3 1569
215.58 234.00 254.54 271.06 65 3 3 1570
234.00 254.54 271.06 289.25 65 3 3 1571
254.54 271.06 289.25 311.37 65 3 3 1572
271.06 289.25 311.37 336.36 65 3 3 1573
289.25 311.37 336.36 360.88 65 3 3 1574
311.37 336.36 360.88 390.68 65 3 3 1575
336.36 360.88 390.68 418.31 65 3 3 1576
360.88 390.68 418.31 447.83 65 3 3 1577
390.68 418.31 447.83 476.90 65 3 3 1578
418.31 447.83 476.90 510.20 65 3 3 1579
447.83 476.90 510.20 535.73 65 3 3 1580
476.90 510.20 535.73 538.41 65 3 3 1581
510.20 535.73 538.41 555.18 65 3 3 1582
535.73 538.41 555.18 573.76 65 3 3 1583
538.41 555.18 573.76 558.12 65 3 3 1584
555.18 573.76 558.12 527.22 65 3 3 1585
573.76 558.12 527.22 490.17 65 3 3 1586
558.12 527.22 490.17 460.86 65 3 3 1587
527.22 490.17 460.86 407.51 65 3 3 1588
490.17 460.86 407.51 356.65 65 3 3 1589
460.86 407.51 356.65 325.08 65 3 3 1590
407.51 356.65 325.08 308.35 65 3 3 1591
356.65 325.08 308.35 296.15 65 3 3 1592
325.08 308.35 296.15 281.03 65 3 3 1593
308.35 296.15 281.03 220.50 65 3 3 1594
296.15 281.03 220.50 148.72 65 3 3 1595
281.03 220.50 148.72 096.59 65 3 3 1596
220.50 148.72 096.59 068.91 65 3 3 1597
148.72 096.59 068.91 025.12 66 1 3 1598
096.59 068.91 025.12 005.95 66 1 1 1599
068.91 025.12 005.95 006.28 66 1 1 1600
025.12 005.95 006.28 006.71 66 1 1 1601
005.95 006.28 006.71 006.61 66 1 1 1602
006.28 006.71 006.61 007.93 66 1 1 1603
006.71 006.61 007.93 008.10 67 0 0 1604
006.61 007.93 008.10 008.25 67 0 0 1605
007.93 008.10 008.25 007.23 67 0 0 1606
008.10 008.25 007.23 007.58 67 0 0 1607
008.25 007.23 007.58 006.83 67 0 0 1608
007.23 007.58 006.83 006.62 67 0 0 1609
007.58 006.83 006.62 006.44 67 0 0 1610
006.83 006.62 006.44 006.96 67 0 0 1611
006.62 006.44 006.96 006.62 67 0 0 1612
006.44 006.96 006.62 007.04 67 0 0 1613
006.96 006.62 007.04 006.90 67 0 0 1614
006.62 007.04 006.90 007.37 67 0 0 1615
007.04 006.90 007.37 006.85 67 0 0 1616
006.90 007.37 006.85 007.48 67 0 0 1617
007.37 006.85 007.48 007.42 67 0 0 1618
006.85 007.48 007.42 007.87 67 0 0 1619
007.48 007.42 007.87 007.32 67 0 0 1620
007.42 007.87 007.32 008.15 67 0 0 1621
007.87 007.32 008.15 008.02 67 0 0 1622
007.32 008.15 008.02 008.44 67 0 0 1623
008.15 008.02 008.44 007.60 67 0 0 1624
008.02 008.44 007.60 008.13 67 0 0 1625
008.44 007.60 008.13 008.11 67 0 0 1626
007.60 008.13 008.11 009.22 67 0 0 1627
008.13 008.11 009.22 008.90 68 2 0 1628
008.11 009.22 008.90 010.10 68 2 0 1629
009.22 008.90 010.10 009.75 68 2 2 1630
008.90 010.10 009.75 011.32 68 2 2 1631
010.10 009.75 011.32 019.06 68 2 2 1632
009.75 011.32 019.06 052.91 68 2 2 1633
011.32 019.06 052.91 133.37 69 3 2 1634
019.06 052.91 133.37 223.90 69 3 2 1635
052.91 133.37 223.90 294.44 69 3 3 1636
133.37 223.90 294.44 346.54 69 3 3 1637
223.90 294.44 346.54 371.50 69 3 3 1638
294.44 346.54 371.50 389.52 69 3 3 1639
346.54 371.50 389.52 357.92 69 3 3 1640
371.50 389.52 357.92 316.50 69 3 3 1641
389.52 357.92 316.50 289.67 69 3 3 1642
357.92 316.50 289.67 292.46 69 3 3 1643
316.50 289.67 292.46 300.25 69 3 3 1644
289.67 292.46 300.25 303.85 69 3 3 1645
292.46 300.25 303.85 308.15 69 3 3 1646
300.25 303.85 308.15 310.95 69 3 3 1647
303.85 308.15 310.95 309.29 69 3 3 1648
308.15 310.95 309.29 304.61 69 3 3 1649
310.95 309.29 304.61 295.50 69 3 3 1650
309.29 304.61 295.50 275.71 69 3 3 1651
304.61 295.50 275.71 256.63 69 3 3 1652
295.50 275.71 256.63 240.75 69 3 3 1653
275.71 256.63 240.75 223.92 69 3 3 1654
256.63 240.75 223.92 207.69 69 3 3 1655
240.75 223.92 207.69 191.08 69 3 3 1656
223.92 207.69 191.08 171.84 69 3 3 1657
207.69 191.08 171.84 150.93 69 3 3 1658
191.08 171.84 150.93 134.65 69 3 3 1659
171.84 150.93 134.65 123.80 69 3 3 1660
150.93 134.65 123.80 118.56 69 3 3 1661
134.65 123.80 118.56 119.77 69 3 3 1662
123.80 118.56 119.77 125.01 69 3 3 1663
118.56 119.77 125.01 133.68 69 3 3 1664
119.77 125.01 133.68 145.50 69 3 3 1665
125.01 133.68 145.50 159.65 69 3 3 1666
133.68 145.50 159.65 177.57 69 3 3 1667
145.50 159.65 177.57 199.52 69 3 3 1668
159.65 177.57 199.52 223.03 69 3 3 1669
177.57 199.52 223.03 247.83 69 3 3 1670
199.52 223.03 247.83 276.70 69 3 3 1671
223.03 247.83 276.70 308.67 69 3 3 1672
247.83 276.70 308.67 341.77 69 3 3 1673
276.70 308.67 341.77 378.37 69 3 3 1674
308.67 341.77 378.37 423.69 69 3 3 1675
341.77 378.37 423.69 465.44 69 3 3 1676
378.37 423.69 465.44 508.14 69 3 3 1677
423.69 465.44 508.14 552.89 69 3 3 1678
465.44 508.14 552.89 584.96 69 3 3 1679
508.14 552.89 584.96 592.89 69 3 3 1680
552.89 584.96 592.89 578.98 69 3 3 1681
584.96 592.89 578.98 542.10 69 3 3 1682
592.89 578.98 542.10 489.56 69 3 3 1683
578.98 542.10 489.56 442.04 69 3 3 1684
542.10 489.56 442.04 372.98 69 3 3 1685
489.56 442.04 372.98 318.21 69 3 3 1686
442.04 372.98 318.21 287.25 69 3 3 1687
372.98 318.21 287.25 271.47 69 3 3 1688
318.21 287.25 271.47 251.98 69 3 3 1689
287.25 271.47 251.98 173.11 69 3 3 1690
271.47 251.98 173.11 105.96 69 3 3 1691
251.98 173.11 105.96 063.92 69 3 3 1692
173.11 105.96 063.92 043.34 70 1 3 1693
105.96 063.92 043.34 012.06 70 1 1 1694
063.92 043.34 012.06 000.02 70 1 1 1695
043.34 012.06 000.02 001.08 70 1 1 1696
012.06 000.02 001.08 000.12 70 1 1 1697
000.02 001.08 000.12 000.85 70 1 1 1698
001.08 000.12 000.85 001.01 71 0 0 1699
000.12 000.85 001.01 002.07 71 0 0 1700
000.85 001.01 002.07 001.50 71 0 0 1701
001.01 002.07 001.50 001.40 71 0 0 1702
002.07 001.50 001.40 001.22 71 0 0 1703
001.50 001.40 001.22 001.15 71 0 0 1704
001.40 001.22 001.15 000.89 71 0 0 1705
001.22 001.15 000.89 001.04 71 0 0 1706
001.15 000.89 001.04 000.34 71 0 0 1707
000.89 001.04 000.34 000.71 71 0 0 1708
001.04 000.34 000.71 000.60 71 0 0 1709
000.34 000.71 000.60 001.02 71 0 0 1710
000.71 000.60 001.02 000.88 71 0 0 1711
000.60 001.02 000.88 001.27 71 0 0 1712
001.02 000.88 001.27 000.99 71 0 0 1713
000.88 001.27 000.99 001.64 71 0 0 1714
001.27 000.99 001.64 001.29 71 0 0 1715
000.99 001.64 001.29 001.39 71 0 0 1716
001.64 001.29 001.39 000.76 71 0 0 1717
001.29 001.39 000.76 001.48 71 0 0 1718
001.39 000.76 001.48 001.35 71 0 0 1719
000.76 001.48 001.35 001.84 71 0 0 1720
001.48 001.35 001.84 001.54 71 0 0 1721
001.35 001.84 001.54 001.94 71 0 0 1722
001.84 001.54 001.94 001.69 71 0 0 1723
001.54 001.94 001.69 002.68 71 0 0 1724
001.94 001.69 002.68 002.63 71 0 0 1725
001.69 002.68 002.63 003.46 71 0 0 1726
002.68 002.63 003.46 003.27 71 0 0 1727
002.63 003.46 003.27 004.33 72 2 0 1728
003.46 003.27 004.33 004.31 72 2 0 1729
003.27 004.33 004.31 005.95 72 2 2 1730
004.33 004.31 005.95 012.05 72 2 2 1731
004.31 005.95 012.05 035.00 72 2 2 1732
005.95 012.05 035.00 102.80 72 2 2 1733
012.05 035.00 102.80 221.69 73 3 2 1734
035.00 102.80 221.69 312.87 73 3 2 1735
102.80 221.69 312.87 341.51 73 3 3 1736
221.69 312.87 341.51 360.36 73 3 3 1737
312.87 341.51 360.36 387.18 73 3 3 1738
341.51 360.36 387.18 350.63 73 3 3 1739
360.36 387.18 350.63 304.76 73 3 3 1740
387.18 350.63 304.76 275.28 73 3 3 1741
350.63 304.76 275.28 278.45 73 3 3 1742
304.76 275.28 278.45 283.01 73 3 3 1743
275.28 278.45 283.01 296.66 73 3 3 1744
278.45 283.01 296.66 304.35 73 3 3 1745
283.01 296.66 304.35 307.54 73 3 3 1746
296.66 304.35 307.54 304.86 73 3 3 1747
304.35 307.54 304.86 299.67 73 3 3 1748
307.54 304.86 299.67 287.17 73 3 3 1749
304.86 299.67 287.17 271.78 73 3 3 1750
299.67 287.17 271.78 255.32 73 3 3 1751
287.17 271.78 255.32 245.03 73 3 3 1752
271.78 255.32 245.03 234.63 73 3 3 1753
255.32 245.03 234.63 224.08 73 3 3 1754
245.03 234.63 224.08 210.99 73 3 3 1755
234.63 224.08 210.99 195.11 73 3 3 1756
224.08 210.99 195.11 178.23 73 3 3 1757
210.99 195.11 178.23 166.94 73 3 3 1758
195.11 178.23 166.94 159.44 73 3 3 1759
178.23 166.94 159.44 160.92 73 3 3 1760
166.94 159.44 160.92 166.00 73 3 3 1761
159.44 160.92 166.00 175.79 73 3 3 1762
160.92 166.00 175.79 187.25 73 3 3 1763
166.00 175.79 187.25 204.63 73 3 3 1764
175.79 187.25 204.63 221.60 73 3 3 1765
187.25 204.63 221.60 240.68 73 3 3 1766
204.63 221.60 240.68 260.83 73 3 3 1767
221.60 240.68 260.83 285.30 73 3 3 1768
240.68 260.83 285.30 310.00 73 3 3 1769
260.83 285.30 310.00 343.88 73 3 3 1770
285.30 310.00 343.88 391.83 73 3 3 1771
310.00 343.88 391.83 438.00 73 3 3 1772
343.88 391.83 438.00 477.34 73 3 3 1773
391.83 438.00 477.34 511.89 73 3 3 1774
438.00 477.34 511.89 521.13 73 3 3 1775
477.34 511.89 521.13 545.14 73 3 3 1776
511.89 521.13 545.14 576.27 73 3 3 1777
521.13 545.14 576.27 592.66 73 3 3 1778
545.14 576.27 592.66 558.64 73 3 3 1779
576.27 592.66 558.64 511.16 73 3 3 1780
592.66 558.64 511.16 463.66 73 3 3 1781
558.64 511.16 463.66 417.16 73 3 3 1782
511.16 463.66 417.16 356.92 73 3 3 1783
463.66 417.16 356.92 314.37 73 3 3 1784
417.16 356.92 314.37 289.54 73 3 3 1785
356.92 314.37 289.54 277.80 73 3 3 1786
314.37 289.54 277.80 263.51 73 3 3 1787
289.54 277.80 263.51 215.51 73 3 3 1788
277.80 263.51 215.51 147.47 73 3 3 1789
263.51 215.51 147.47 099.44 73 3 3 1790
215.51 147.47 099.44 075.10 73 3 3 1791
147.47 099.44 075.10 032.26 74 1 3 1792
099.44 075.10 032.26 008.78 74 1 1 1793
075.10 032.26 008.78 010.10 74 1 1 1794
032.26 008.78 010.10 007.97 74 1 1 1795
008.78 010.10 007.97 009.40 74 1 1 1796
010.10 007.97 009.40 008.93 74 1 1 1797
007.97 009.40 008.93 011.09 75 0 0 1798
009.40 008.93 011.09 009.28 75 0 0 1799
008.93 011.09 009.28 010.68 75 0 0 1800
011.09 009.28 010.68 008.84 75 0 0 1801
009.28 010.68 008.84 010.05 75 0 0 1802
