211.67 221.04 225.15 226.49 01 3 3 0004
221.04 225.15 226.49 227.93 01 3 3 0005
225.15 226.49 227.93 227.79 01 3 3 0006
226.49 227.93 227.79 225.74 01 3 3 0007
227.93 227.79 225.74 224.92 01 3 3 0008
227.79 225.74 224.92 223.06 01 3 3 0009
225.74 224.92 223.06 221.27 01 3 3 0010
224.92 223.06 221.27 219.01 01 3 3 0011
223.06 221.27 219.01 217.59 01 3 3 0012
221.27 219.01 217.59 216.03 01 3 3 0013
219.01 217.59 216.03 215.17 01 3 3 0014
217.59 216.03 215.17 213.42 01 3 3 0015
216.03 215.17 213.42 212.64 01 3 3 0016
215.17 213.42 212.64 210.67 01 3 3 0017
213.42 212.64 210.67 208.64 01 3 3 0018
212.64 210.67 208.64 206.92 01 3 3 0019
210.67 208.64 206.92 205.39 01 3 3 0020
208.64 206.92 205.39 204.30 01 3 3 0021
206.92 205.39 204.30 203.57 01 3 3 0022
205.39 204.30 203.57 202.79 01 3 3 0023
204.30 203.57 202.79 201.13 01 3 3 0024
203.57 202.79 201.13 196.90 01 3 3 0025
202.79 201.13 196.90 192.91 01 3 3 0026
201.13 196.90 192.91 191.47 01 3 3 0027
196.90 192.91 191.47 190.42 01 3 3 0028
192.91 191.47 190.42 190.65 01 3 3 0029
191.47 190.42 190.65 191.69 01 3 3 0030
190.42 190.65 191.69 192.18 01 3 3 0031
190.65 191.69 192.18 192.24 01 3 3 0032
191.69 192.18 192.24 193.18 01 3 3 0033
192.18 192.24 193.18 193.79 01 3 3 0034
192.24 193.18 193.79 195.25 01 3 3 0035
193.18 193.79 195.25 196.33 01 3 3 0036
193.79 195.25 196.33 197.72 01 3 3 0037
195.25 196.33 197.72 197.05 01 3 3 0038
196.33 197.72 197.05 195.66 01 3 3 0039
197.72 197.05 195.66 193.40 01 3 3 0040
197.05 195.66 193.40 193.82 01 3 3 0041
195.66 193.40 193.82 193.23 01 3 3 0042
193.40 193.82 193.23 192.80 01 3 3 0043
193.82 193.23 192.80 191.90 01 3 3 0044
193.23 192.80 191.90 193.57 01 3 3 0045
192.80 191.90 193.57 194.01 01 3 3 0046
191.90 193.57 194.01 193.13 01 3 3 0047
193.57 194.01 193.13 190.59 01 3 3 0048
194.01 193.13 190.59 189.14 01 3 3 0049
193.13 190.59 189.14 187.59 01 3 3 0050
190.59 189.14 187.59 187.61 01 3 3 0051
189.14 187.59 187.61 185.94 01 3 3 0052
187.59 187.61 185.94 186.31 01 3 3 0053
187.61 185.94 186.31 185.24 01 3 3 0054
185.94 186.31 185.24 183.95 01 3 3 0055
186.31 185.24 183.95 181.38 01 3 3 0056
185.24 183.95 181.38 181.29 01 3 3 0057
183.95 181.38 181.29 179.92 01 3 3 0058
181.38 181.29 179.92 180.89 01 3 3 0059
181.29 179.92 180.89 180.23 01 3 3 0060
179.92 180.89 180.23 181.65 01 3 3 0061
180.89 180.23 181.65 181.50 01 3 3 0062
180.23 181.65 181.50 183.70 01 3 3 0063
181.65 181.50 183.70 184.08 01 3 3 0064
181.50 183.70 184.08 187.72 01 3 3 0065
183.70 184.08 187.72 189.65 01 3 3 0066
184.08 187.72 189.65 193.77 01 3 3 0067
187.72 189.65 193.77 196.12 01 3 3 0068
189.65 193.77 196.12 199.16 01 3 3 0069
193.77 196.12 199.16 199.02 01 3 3 0070
196.12 199.16 199.02 200.67 01 3 3 0071
199.16 199.02 200.67 199.76 01 3 3 0072
199.02 200.67 199.76 199.40 01 3 3 0073
200.67 199.76 199.40 197.00 01 3 3 0074
199.76 199.40 197.00 196.45 01 3 3 0075
199.40 197.00 196.45 195.47 01 3 3 0076
197.00 196.45 195.47 195.82 01 3 3 0077
196.45 195.47 195.82 195.52 01 3 3 0078
195.47 195.82 195.52 200.78 01 3 3 0079
195.82 195.52 200.78 204.37 01 3 3 0080
195.52 200.78 204.37 194.34 01 3 3 0081
200.78 204.37 194.34 176.34 01 3 3 0082
204.37 194.34 176.34 158.89 01 3 3 0083
194.34 176.34 158.89 133.55 01 3 3 0084
176.34 158.89 133.55 110.37 01 3 3 0085
158.89 133.55 110.37 097.22 01 3 3 0086
133.55 110.37 097.22 083.95 01 3 3 0087
110.37 097.22 083.95 069.99 01 3 3 0088
097.22 083.95 069.99 060.45 01 3 3 0089
083.95 069.99 060.45 045.71 01 3 3 0090
069.99 060.45 045.71 034.16 01 3 3 0091
060.45 045.71 034.16 023.36 02 1 3 0092
045.71 034.16 023.36 021.11 02 1 1 0093
034.16 023.36 021.11 015.67 02 1 1 0094
023.36 021.11 015.67 013.83 02 1 1 0095
021.11 015.67 013.83 009.25 02 1 1 0096
015.67 013.83 009.25 002.70 02 1 1 0097
013.83 009.25 002.70 -00.88 03 0 0 0098
009.25 002.70 -00.88 000.60 03 0 0 0099
002.70 -00.88 000.60 -00.31 03 0 0 0100
-00.88 000.60 -00.31 000.44 03 0 0 0101
000.60 -00.31 000.44 -00.57 03 0 0 0102
-00.31 000.44 -00.57 000.86 03 0 0 0103
000.44 -00.57 000.86 -00.33 03 0 0 0104
-00.57 000.86 -00.33 001.00 03 0 0 0105
000.86 -00.33 001.00 -00.12 03 0 0 0106
-00.33 001.00 -00.12 000.49 03 0 0 0107
001.00 -00.12 000.49 -00.78 03 0 0 0108
-00.12 000.49 -00.78 000.76 03 0 0 0109
000.49 -00.78 000.76 -00.59 03 0 0 0110
-00.78 000.76 -00.59 000.39 03 0 0 0111
000.76 -00.59 000.39 -01.03 03 0 0 0112
-00.59 000.39 -01.03 000.05 03 0 0 0113
000.39 -01.03 000.05 -01.11 03 0 0 0114
-01.03 000.05 -01.11 000.37 03 0 0 0115
000.05 -01.11 000.37 -00.92 03 0 0 0116
-01.11 000.37 -00.92 000.24 03 0 0 0117
000.37 -00.92 000.24 -00.76 03 0 0 0118
-00.92 000.24 -00.76 001.01 03 0 0 0119
000.24 -00.76 001.01 -00.23 03 0 0 0120
-00.76 001.01 -00.23 001.15 03 0 0 0121
001.01 -00.23 001.15 000.35 03 0 0 0122
-00.23 001.15 000.35 001.48 03 0 0 0123
001.15 000.35 001.48 000.16 03 0 0 0124
000.35 001.48 000.16 001.75 03 0 0 0125
001.48 000.16 001.75 000.69 03 0 0 0126
000.16 001.75 000.69 002.34 03 0 0 0127
001.75 000.69 002.34 001.06 03 0 0 0128
000.69 002.34 001.06 002.13 03 0 0 0129
002.34 001.06 002.13 001.37 03 0 0 0130
001.06 002.13 001.37 003.01 03 0 0 0131
002.13 001.37 003.01 001.82 03 0 0 0132
001.37 003.01 001.82 003.45 03 0 0 0133
003.01 001.82 003.45 002.02 03 0 0 0134
001.82 003.45 002.02 003.32 03 0 0 0135
003.45 002.02 003.32 001.89 03 0 0 0136
002.02 003.32 001.89 003.09 03 0 0 0137
003.32 001.89 003.09 001.72 03 0 0 0138
001.89 003.09 001.72 003.24 03 0 0 0139
003.09 001.72 003.24 001.49 03 0 0 0140
001.72 003.24 001.49 003.21 03 0 0 0141
003.24 001.49 003.21 001.70 03 0 0 0142
001.49 003.21 001.70 003.25 03 0 0 0143
003.21 001.70 003.25 001.68 03 0 0 0144
001.70 003.25 001.68 003.64 03 0 0 0145
003.25 001.68 003.64 002.56 03 0 0 0146
001.68 003.64 002.56 009.90 03 0 0 0147
003.64 002.56 009.90 014.60 03 0 0 0148
002.56 009.90 014.60 016.82 04 2 0 0149
009.90 014.60 016.82 015.74 04 2 0 0150
014.60 016.82 015.74 019.77 04 2 2 0151
016.82 015.74 019.77 020.22 04 2 2 0152
015.74 019.77 020.22 025.39 04 2 2 0153
019.77 020.22 025.39 031.06 04 2 2 0154
020.22 025.39 031.06 046.47 05 3 2 0155
025.39 031.06 046.47 074.33 05 3 2 0156
031.06 046.47 074.33 111.45 05 3 3 0157
046.47 074.33 111.45 126.03 05 3 3 0158
074.33 111.45 126.03 123.07 05 3 3 0159
111.45 126.03 123.07 114.79 05 3 3 0160
126.03 123.07 114.79 119.32 05 3 3 0161
123.07 114.79 119.32 122.59 05 3 3 0162
114.79 119.32 122.59 135.60 05 3 3 0163
119.32 122.59 135.60 147.30 05 3 3 0164
122.59 135.60 147.30 155.97 05 3 3 0165
135.60 147.30 155.97 157.63 05 3 3 0166
147.30 155.97 157.63 163.99 05 3 3 0167
155.97 157.63 163.99 167.80 05 3 3 0168
157.63 163.99 167.80 176.29 05 3 3 0169
163.99 167.80 176.29 182.51 05 3 3 0170
167.80 176.29 182.51 192.42 05 3 3 0171
176.29 182.51 192.42 198.61 05 3 3 0172
182.51 192.42 198.61 207.43 05 3 3 0173
192.42 198.61 207.43 211.50 05 3 3 0174
198.61 207.43 211.50 217.08 05 3 3 0175
207.43 211.50 217.08 218.40 05 3 3 0176
211.50 217.08 218.40 223.99 05 3 3 0177
217.08 218.40 223.99 227.76 05 3 3 0178
218.40 223.99 227.76 234.21 05 3 3 0179
223.99 227.76 234.21 235.15 05 3 3 0180
227.76 234.21 235.15 235.94 05 3 3 0181
234.21 235.15 235.94 232.78 05 3 3 0182
235.15 235.94 232.78 232.16 05 3 3 0183
235.94 232.78 232.16 228.11 05 3 3 0184
232.78 232.16 228.11 226.17 05 3 3 0185
232.16 228.11 226.17 221.01 05 3 3 0186
228.11 226.17 221.01 221.03 05 3 3 0187
226.17 221.01 221.03 218.48 05 3 3 0188
221.01 221.03 218.48 216.95 05 3 3 0189
221.03 218.48 216.95 215.07 05 3 3 0190
218.48 216.95 215.07 214.77 05 3 3 0191
216.95 215.07 214.77 211.81 05 3 3 0192
215.07 214.77 211.81 210.75 05 3 3 0193
214.77 211.81 210.75 206.43 05 3 3 0194
211.81 210.75 206.43 202.07 05 3 3 0195
210.75 206.43 202.07 193.65 05 3 3 0196
206.43 202.07 193.65 189.53 05 3 3 0197
202.07 193.65 189.53 186.55 05 3 3 0198
193.65 189.53 186.55 186.09 05 3 3 0199
189.53 186.55 186.09 184.96 05 3 3 0200
186.55 186.09 184.96 186.96 05 3 3 0201
186.09 184.96 186.96 188.31 05 3 3 0202
184.96 186.96 188.31 191.76 05 3 3 0203
186.96 188.31 191.76 192.84 05 3 3 0204
188.31 191.76 192.84 195.95 05 3 3 0205
191.76 192.84 195.95 197.58 05 3 3 0206
192.84 195.95 197.58 200.77 05 3 3 0207
195.95 197.58 200.77 201.83 05 3 3 0208
197.58 200.77 201.83 204.23 05 3 3 0209
200.77 201.83 204.23 205.04 05 3 3 0210
201.83 204.23 205.04 207.52 05 3 3 0211
204.23 205.04 207.52 209.12 05 3 3 0212
205.04 207.52 209.12 212.59 05 3 3 0213
207.52 209.12 212.59 213.99 05 3 3 0214
209.12 212.59 213.99 215.71 05 3 3 0215
212.59 213.99 215.71 215.08 05 3 3 0216
213.99 215.71 215.08 214.32 05 3 3 0217
215.71 215.08 214.32 211.32 05 3 3 0218
215.08 214.32 211.32 210.32 05 3 3 0219
214.32 211.32 210.32 208.03 05 3 3 0220
211.32 210.32 208.03 207.29 05 3 3 0221
210.32 208.03 207.29 205.74 05 3 3 0222
208.03 207.29 205.74 206.88 05 3 3 0223
207.29 205.74 206.88 207.23 05 3 3 0224
205.74 206.88 207.23 208.47 05 3 3 0225
206.88 207.23 208.47 209.67 05 3 3 0226
207.23 208.47 209.67 212.72 05 3 3 0227
208.47 209.67 212.72 214.93 05 3 3 0228
209.67 212.72 214.93 218.18 05 3 3 0229
212.72 214.93 218.18 218.16 05 3 3 0230
214.93 218.18 218.16 211.09 05 3 3 0231
218.18 218.16 211.09 195.50 05 3 3 0232
218.16 211.09 195.50 178.60 05 3 3 0233
211.09 195.50 178.60 174.15 05 3 3 0234
195.50 178.60 174.15 172.80 05 3 3 0235
178.60 174.15 172.80 172.16 05 3 3 0236
174.15 172.80 172.16 176.25 05 3 3 0237
172.80 172.16 176.25 179.80 05 3 3 0238
172.16 176.25 179.80 182.39 05 3 3 0239
176.25 179.80 182.39 183.35 05 3 3 0240
179.80 182.39 183.35 185.24 05 3 3 0241
182.39 183.35 185.24 185.98 05 3 3 0242
183.35 185.24 185.98 188.03 05 3 3 0243
185.24 185.98 188.03 192.98 05 3 3 0244
185.98 188.03 192.98 201.59 05 3 3 0245
188.03 192.98 201.59 192.13 05 3 3 0246
192.98 201.59 192.13 163.90 05 3 3 0247
201.59 192.13 163.90 133.27 05 3 3 0248
192.13 163.90 133.27 103.56 05 3 3 0249
163.90 133.27 103.56 074.75 05 3 3 0250
133.27 103.56 074.75 055.95 05 3 3 0251
103.56 074.75 055.95 038.11 05 3 3 0252
074.75 055.95 038.11 024.15 06 1 3 0253
055.95 038.11 024.15 018.44 06 1 1 0254
038.11 024.15 018.44 014.65 06 1 1 0255
024.15 018.44 014.65 013.12 06 1 1 0256
018.44 014.65 013.12 007.75 06 1 1 0257
014.65 013.12 007.75 002.04 06 1 1 0258
013.12 007.75 002.04 001.11 07 0 0 0259
007.75 002.04 001.11 001.55 07 0 0 0260
002.04 001.11 001.55 001.77 07 0 0 0261
001.11 001.55 001.77 002.06 07 0 0 0262
001.55 001.77 002.06 001.68 07 0 0 0263
001.77 002.06 001.68 001.69 07 0 0 0264
002.06 001.68 001.69 001.56 07 0 0 0265
001.68 001.69 001.56 001.40 07 0 0 0266
001.69 001.56 001.40 001.13 07 0 0 0267
001.56 001.40 001.13 001.38 07 0 0 0268
001.40 001.13 001.38 001.14 07 0 0 0269
001.13 001.38 001.14 001.45 07 0 0 0270
001.38 001.14 001.45 000.98 07 0 0 0271
001.14 001.45 000.98 001.63 07 0 0 0272
001.45 000.98 001.63 001.05 07 0 0 0273
000.98 001.63 001.05 001.52 07 0 0 0274
001.63 001.05 001.52 000.99 07 0 0 0275
001.05 001.52 000.99 001.23 07 0 0 0276
001.52 000.99 001.23 000.80 07 0 0 0277
000.99 001.23 000.80 001.03 07 0 0 0278
001.23 000.80 001.03 000.89 07 0 0 0279
000.80 001.03 000.89 001.28 07 0 0 0280
001.03 000.89 001.28 000.88 07 0 0 0281
000.89 001.28 000.88 001.24 07 0 0 0282
001.28 000.88 001.24 000.81 07 0 0 0283
000.88 001.24 000.81 001.31 07 0 0 0284
001.24 000.81 001.31 000.87 07 0 0 0285
000.81 001.31 000.87 001.30 07 0 0 0286
001.31 000.87 001.30 001.34 07 0 0 0287
000.87 001.30 001.34 001.14 07 0 0 0288
001.30 001.34 001.14 001.01 07 0 0 0289
001.34 001.14 001.01 001.55 07 0 0 0290
001.14 001.01 001.55 001.01 07 0 0 0291
001.01 001.55 001.01 001.60 07 0 0 0292
001.55 001.01 001.60 001.14 07 0 0 0293
001.01 001.60 001.14 001.49 07 0 0 0294
001.60 001.14 001.49 000.96 07 0 0 0295
001.14 001.49 000.96 001.38 07 0 0 0296
001.49 000.96 001.38 001.13 07 0 0 0297
000.96 001.38 001.13 001.89 07 0 0 0298
001.38 001.13 001.89 001.30 07 0 0 0299
001.13 001.89 001.30 001.97 07 0 0 0300
001.89 001.30 001.97 001.56 07 0 0 0301
001.30 001.97 001.56 001.77 07 0 0 0302
001.97 001.56 001.77 001.41 07 0 0 0303
001.56 001.77 001.41 002.27 07 0 0 0304
001.77 001.41 002.27 001.05 07 0 0 0305
001.41 002.27 001.05 002.14 07 0 0 0306
002.27 001.05 002.14 002.51 07 0 0 0307
001.05 002.14 002.51 008.89 07 0 0 0308
002.14 002.51 008.89 013.02 08 2 0 0309
002.51 008.89 013.02 017.42 08 2 0 0310
008.89 013.02 017.42 020.41 08 2 2 0311
013.02 017.42 020.41 025.10 08 2 2 0312
017.42 020.41 025.10 028.86 08 2 2 0313
020.41 025.10 028.86 041.40 08 2 2 0314
025.10 028.86 041.40 062.31 09 3 2 0315
028.86 041.40 062.31 088.17 09 3 2 0316
041.40 062.31 088.17 119.20 09 3 3 0317
062.31 088.17 119.20 135.90 09 3 3 0318
088.17 119.20 135.90 130.60 09 3 3 0319
119.20 135.90 130.60 124.72 09 3 3 0320
135.90 130.60 124.72 122.26 09 3 3 0321
130.60 124.72 122.26 128.85 09 3 3 0322
124.72 122.26 128.85 131.66 09 3 3 0323
122.26 128.85 131.66 142.32 09 3 3 0324
128.85 131.66 142.32 143.68 09 3 3 0325
131.66 142.32 143.68 145.80 09 3 3 0326
142.32 143.68 145.80 149.16 09 3 3 0327
143.68 145.80 149.16 158.94 09 3 3 0328
145.80 149.16 158.94 166.32 09 3 3 0329
149.16 158.94 166.32 175.20 09 3 3 0330
158.94 166.32 175.20 177.98 09 3 3 0331
166.32 175.20 177.98 180.71 09 3 3 0332
175.20 177.98 180.71 180.77 09 3 3 0333
177.98 180.71 180.77 183.24 09 3 3 0334
180.71 180.77 183.24 182.03 09 3 3 0335
180.77 183.24 182.03 182.96 09 3 3 0336
183.24 182.03 182.96 182.43 09 3 3 0337
182.03 182.96 182.43 185.13 09 3 3 0338
182.96 182.43 185.13 185.03 09 3 3 0339
182.43 185.13 185.03 188.44 09 3 3 0340
185.13 185.03 188.44 190.79 09 3 3 0341
185.03 188.44 190.79 195.76 09 3 3 0342
188.44 190.79 195.76 197.82 09 3 3 0343
190.79 195.76 197.82 202.60 09 3 3 0344
195.76 197.82 202.60 204.80 09 3 3 0345
197.82 202.60 204.80 209.53 09 3 3 0346
202.60 204.80 209.53 212.21 09 3 3 0347
204.80 209.53 212.21 217.00 09 3 3 0348
209.53 212.21 217.00 219.21 09 3 3 0349
212.21 217.00 219.21 223.04 09 3 3 0350
217.00 219.21 223.04 224.32 09 3 3 0351
219.21 223.04 224.32 229.09 09 3 3 0352
223.04 224.32 229.09 230.63 09 3 3 0353
224.32 229.09 230.63 233.46 09 3 3 0354
229.09 230.63 233.46 233.42 09 3 3 0355
230.63 233.46 233.42 235.76 09 3 3 0356
233.46 233.42 235.76 234.37 09 3 3 0357
233.42 235.76 234.37 235.91 09 3 3 0358
235.76 234.37 235.91 234.25 09 3 3 0359
234.37 235.91 234.25 235.47 09 3 3 0360
235.91 234.25 235.47 233.69 09 3 3 0361
234.25 235.47 233.69 234.48 09 3 3 0362
235.47 233.69 234.48 232.85 09 3 3 0363
233.69 234.48 232.85 234.38 09 3 3 0364
234.48 232.85 234.38 233.48 09 3 3 0365
232.85 234.38 233.48 234.72 09 3 3 0366
234.38 233.48 234.72 232.90 09 3 3 0367
233.48 234.72 232.90 234.45 09 3 3 0368
234.72 232.90 234.45 233.07 09 3 3 0369
232.90 234.45 233.07 234.43 09 3 3 0370
234.45 233.07 234.43 231.81 09 3 3 0371
233.07 234.43 231.81 231.77 09 3 3 0372
234.43 231.81 231.77 228.53 09 3 3 0373
231.81 231.77 228.53 229.05 09 3 3 0374
231.77 228.53 229.05 225.86 09 3 3 0375
228.53 229.05 225.86 226.42 09 3 3 0376
229.05 225.86 226.42 223.09 09 3 3 0377
225.86 226.42 223.09 223.03 09 3 3 0378
226.42 223.09 223.03 220.54 09 3 3 0379
223.09 223.03 220.54 222.24 09 3 3 0380
223.03 220.54 222.24 220.81 09 3 3 0381
220.54 222.24 220.81 222.81 09 3 3 0382
222.24 220.81 222.81 220.49 09 3 3 0383
220.81 222.81 220.49 219.81 09 3 3 0384
222.81 220.49 219.81 217.35 09 3 3 0385
220.49 219.81 217.35 218.29 09 3 3 0386
219.81 217.35 218.29 214.89 09 3 3 0387
217.35 218.29 214.89 216.10 09 3 3 0388
218.29 214.89 216.10 214.64 09 3 3 0389
214.89 216.10 214.64 216.84 09 3 3 0390
216.10 214.64 216.84 214.41 09 3 3 0391
214.64 216.84 214.41 218.56 09 3 3 0392
216.84 214.41 218.56 218.58 09 3 3 0393
214.41 218.56 218.58 220.77 09 3 3 0394
218.56 218.58 220.77 219.88 09 3 3 0395
218.58 220.77 219.88 222.36 09 3 3 0396
220.77 219.88 222.36 221.81 09 3 3 0397
219.88 222.36 221.81 225.64 09 3 3 0398
222.36 221.81 225.64 225.68 09 3 3 0399
221.81 225.64 225.68 229.17 09 3 3 0400
225.64 225.68 229.17 229.95 09 3 3 0401
225.68 229.17 229.95 235.38 09 3 3 0402
229.17 229.95 235.38 238.55 09 3 3 0403
229.95 235.38 238.55 246.10 09 3 3 0404
235.38 238.55 246.10 244.75 09 3 3 0405
238.55 246.10 244.75 227.98 09 3 3 0406
246.10 244.75 227.98 195.75 09 3 3 0407
244.75 227.98 195.75 167.20 09 3 3 0408
227.98 195.75 167.20 138.51 09 3 3 0409
195.75 167.20 138.51 109.93 09 3 3 0410
167.20 138.51 109.93 086.21 09 3 3 0411
138.51 109.93 086.21 068.52 09 3 3 0412
109.93 086.21 068.52 048.99 09 3 3 0413
086.21 068.52 048.99 034.23 09 3 3 0414
068.52 048.99 034.23 025.52 10 1 3 0415
048.99 034.23 025.52 024.03 10 1 1 0416
034.23 025.52 024.03 020.23 10 1 1 0417
025.52 024.03 020.23 017.88 10 1 1 0418
024.03 020.23 017.88 010.20 10 1 1 0419
020.23 017.88 010.20 004.16 10 1 1 0420
017.88 010.20 004.16 000.13 11 0 0 0421
010.20 004.16 000.13 001.24 11 0 0 0422
004.16 000.13 001.24 000.88 11 0 0 0423
000.13 001.24 000.88 002.41 11 0 0 0424
001.24 000.88 002.41 001.04 11 0 0 0425
000.88 002.41 001.04 001.97 11 0 0 0426
002.41 001.04 001.97 001.86 11 0 0 0427
001.04 001.97 001.86 002.29 11 0 0 0428
001.97 001.86 002.29 001.17 11 0 0 0429
001.86 002.29 001.17 001.77 11 0 0 0430
002.29 001.17 001.77 001.30 11 0 0 0431
001.17 001.77 001.30 001.61 11 0 0 0432
001.77 001.30 001.61 000.63 11 0 0 0433
001.30 001.61 000.63 001.44 11 0 0 0434
001.61 000.63 001.44 000.73 11 0 0 0435
000.63 001.44 000.73 001.14 11 0 0 0436
001.44 000.73 001.14 000.36 11 0 0 0437
000.73 001.14 000.36 001.54 11 0 0 0438
001.14 000.36 001.54 000.57 11 0 0 0439
000.36 001.54 000.57 001.27 11 0 0 0440
001.54 000.57 001.27 000.75 11 0 0 0441
000.57 001.27 000.75 001.09 11 0 0 0442
001.27 000.75 001.09 000.89 11 0 0 0443
000.75 001.09 000.89 001.44 11 0 0 0444
001.09 000.89 001.44 001.03 11 0 0 0445
000.89 001.44 001.03 001.52 11 0 0 0446
001.44 001.03 001.52 000.83 11 0 0 0447
001.03 001.52 000.83 001.87 11 0 0 0448
001.52 000.83 001.87 000.88 11 0 0 0449
000.83 001.87 000.88 001.77 11 0 0 0450
001.87 000.88 001.77 001.30 11 0 0 0451
000.88 001.77 001.30 001.95 11 0 0 0452
001.77 001.30 001.95 001.14 11 0 0 0453
001.30 001.95 001.14 001.78 11 0 0 0454
001.95 001.14 001.78 001.44 11 0 0 0455
001.14 001.78 001.44 001.94 11 0 0 0456
001.78 001.44 001.94 001.36 11 0 0 0457
001.44 001.94 001.36 002.44 11 0 0 0458
001.94 001.36 002.44 001.86 11 0 0 0459
001.36 002.44 001.86 003.01 11 0 0 0460
002.44 001.86 003.01 002.32 11 0 0 0461
001.86 003.01 002.32 003.35 11 0 0 0462
003.01 002.32 003.35 001.91 11 0 0 0463
002.32 003.35 001.91 002.40 11 0 0 0464
003.35 001.91 002.40 001.86 11 0 0 0465
001.91 002.40 001.86 002.22 11 0 0 0466
002.40 001.86 002.22 001.14 11 0 0 0467
001.86 002.22 001.14 001.86 11 0 0 0468
002.22 001.14 001.86 002.66 11 0 0 0469
001.14 001.86 002.66 006.52 11 0 0 0470
001.86 002.66 006.52 008.77 12 2 0 0471
002.66 006.52 008.77 010.71 12 2 0 0472
006.52 008.77 010.71 012.27 12 2 2 0473
008.77 010.71 012.27 017.28 12 2 2 0474
010.71 012.27 017.28 025.07 12 2 2 0475
012.27 017.28 025.07 045.80 12 2 2 0476
017.28 025.07 045.80 075.71 13 3 2 0477
025.07 045.80 075.71 094.78 13 3 2 0478
045.80 075.71 094.78 112.05 13 3 3 0479
075.71 094.78 112.05 144.30 13 3 3 0480
094.78 112.05 144.30 176.02 13 3 3 0481
112.05 144.30 176.02 185.87 13 3 3 0482
144.30 176.02 185.87 175.31 13 3 3 0483
176.02 185.87 175.31 167.53 13 3 3 0484
185.87 175.31 167.53 164.53 13 3 3 0485
175.31 167.53 164.53 152.16 13 3 3 0486
167.53 164.53 152.16 153.74 13 3 3 0487
164.53 152.16 153.74 165.56 13 3 3 0488
152.16 153.74 165.56 166.59 13 3 3 0489
153.74 165.56 166.59 176.95 13 3 3 0490
165.56 166.59 176.95 190.13 13 3 3 0491
166.59 176.95 190.13 200.42 13 3 3 0492
176.95 190.13 200.42 208.38 13 3 3 0493
190.13 200.42 208.38 214.32 13 3 3 0494
200.42 208.38 214.32 215.78 13 3 3 0495
208.38 214.32 215.78 217.62 13 3 3 0496
214.32 215.78 217.62 217.58 13 3 3 0497
215.78 217.62 217.58 216.96 13 3 3 0498
217.62 217.58 216.96 214.86 13 3 3 0499
217.58 216.96 214.86 214.44 13 3 3 0500
216.96 214.86 214.44 214.84 13 3 3 0501
214.86 214.44 214.84 216.28 13 3 3 0502
214.44 214.84 216.28 216.78 13 3 3 0503
214.84 216.28 216.78 217.06 13 3 3 0504
216.28 216.78 217.06 214.82 13 3 3 0505
216.78 217.06 214.82 210.58 13 3 3 0506
217.06 214.82 210.58 204.21 13 3 3 0507
214.82 210.58 204.21 198.81 13 3 3 0508
210.58 204.21 198.81 195.36 13 3 3 0509
204.21 198.81 195.36 192.14 13 3 3 0510
198.81 195.36 192.14 188.74 13 3 3 0511
195.36 192.14 188.74 187.61 13 3 3 0512
192.14 188.74 187.61 186.69 13 3 3 0513
188.74 187.61 186.69 186.48 13 3 3 0514
187.61 186.69 186.48 186.40 13 3 3 0515
186.69 186.48 186.40 187.34 13 3 3 0516
186.48 186.40 187.34 187.34 13 3 3 0517
186.40 187.34 187.34 188.42 13 3 3 0518
187.34 187.34 188.42 188.88 13 3 3 0519
187.34 188.42 188.88 188.91 13 3 3 0520
188.42 188.88 188.91 189.53 13 3 3 0521
188.88 188.91 189.53 189.76 13 3 3 0522
188.91 189.53 189.76 190.12 13 3 3 0523
189.53 189.76 190.12 190.49 13 3 3 0524
189.76 190.12 190.49 191.57 13 3 3 0525
190.12 190.49 191.57 192.55 13 3 3 0526
190.49 191.57 192.55 194.19 13 3 3 0527
191.57 192.55 194.19 195.14 13 3 3 0528
192.55 194.19 195.14 197.27 13 3 3 0529
194.19 195.14 197.27 199.15 13 3 3 0530
195.14 197.27 199.15 201.98 13 3 3 0531
197.27 199.15 201.98 203.32 13 3 3 0532
199.15 201.98 203.32 206.67 13 3 3 0533
201.98 203.32 206.67 209.25 13 3 3 0534
203.32 206.67 209.25 212.85 13 3 3 0535
206.67 209.25 212.85 215.67 13 3 3 0536
209.25 212.85 215.67 219.30 13 3 3 0537
212.85 215.67 219.30 221.95 13 3 3 0538
215.67 219.30 221.95 226.32 13 3 3 0539
219.30 221.95 226.32 228.34 13 3 3 0540
221.95 226.32 228.34 232.02 13 3 3 0541
226.32 228.34 232.02 233.92 13 3 3 0542
228.34 232.02 233.92 237.73 13 3 3 0543
232.02 233.92 237.73 238.92 13 3 3 0544
233.92 237.73 238.92 241.98 13 3 3 0545
237.73 238.92 241.98 241.42 13 3 3 0546
238.92 241.98 241.42 242.19 13 3 3 0547
241.98 241.42 242.19 237.82 13 3 3 0548
241.42 242.19 237.82 229.17 13 3 3 0549
242.19 237.82 229.17 225.75 13 3 3 0550
237.82 229.17 225.75 226.78 13 3 3 0551
229.17 225.75 226.78 225.92 13 3 3 0552
225.75 226.78 225.92 227.74 13 3 3 0553
226.78 225.92 227.74 225.72 13 3 3 0554
225.92 227.74 225.72 227.08 13 3 3 0555
227.74 225.72 227.08 226.30 13 3 3 0556
225.72 227.08 226.30 227.33 13 3 3 0557
227.08 226.30 227.33 226.04 13 3 3 0558
226.30 227.33 226.04 228.69 13 3 3 0559
227.33 226.04 228.69 224.41 13 3 3 0560
226.04 228.69 224.41 219.79 13 3 3 0561
228.69 224.41 219.79 207.22 13 3 3 0562
224.41 219.79 207.22 192.10 13 3 3 0563
219.79 207.22 192.10 171.03 13 3 3 0564
207.22 192.10 171.03 148.38 13 3 3 0565
192.10 171.03 148.38 111.40 13 3 3 0566
171.03 148.38 111.40 072.83 13 3 3 0567
148.38 111.40 072.83 053.32 13 3 3 0568
111.40 072.83 053.32 044.16 13 3 3 0569
072.83 053.32 044.16 032.56 13 3 3 0570
053.32 044.16 032.56 026.03 14 1 3 0571
044.16 032.56 026.03 022.18 14 1 1 0572
032.56 026.03 022.18 015.89 14 1 1 0573
026.03 022.18 015.89 007.49 14 1 1 0574
022.18 015.89 007.49 005.74 14 1 1 0575
015.89 007.49 005.74 004.56 14 1 1 0576
007.49 005.74 004.56 006.35 15 0 0 0577
005.74 004.56 006.35 005.40 15 0 0 0578
004.56 006.35 005.40 006.53 15 0 0 0579
006.35 005.40 006.53 004.95 15 0 0 0580
005.40 006.53 004.95 005.79 15 0 0 0581
006.53 004.95 005.79 004.00 15 0 0 0582
004.95 005.79 004.00 004.91 15 0 0 0583
005.79 004.00 004.91 003.67 15 0 0 0584
004.00 004.91 003.67 004.42 15 0 0 0585
004.91 003.67 004.42 003.62 15 0 0 0586
003.67 004.42 003.62 004.30 15 0 0 0587
004.42 003.62 004.30 003.91 15 0 0 0588
003.62 004.30 003.91 004.83 15 0 0 0589
004.30 003.91 004.83 003.49 15 0 0 0590
003.91 004.83 003.49 004.80 15 0 0 0591
004.83 003.49 004.80 003.84 15 0 0 0592
003.49 004.80 003.84 004.74 15 0 0 0593
004.80 003.84 004.74 003.55 15 0 0 0594
003.84 004.74 003.55 004.95 15 0 0 0595
004.74 003.55 004.95 004.30 15 0 0 0596
003.55 004.95 004.30 004.94 15 0 0 0597
004.95 004.30 004.94 003.93 15 0 0 0598
004.30 004.94 003.93 005.47 15 0 0 0599
004.94 003.93 005.47 004.35 15 0 0 0600
003.93 005.47 004.35 005.94 15 0 0 0601
005.47 004.35 005.94 004.44 15 0 0 0602
004.35 005.94 004.44 005.92 15 0 0 0603
005.94 004.44 005.92 004.27 15 0 0 0604
004.44 005.92 004.27 005.29 15 0 0 0605
005.92 004.27 005.29 004.26 15 0 0 0606
004.27 005.29 004.26 005.27 15 0 0 0607
005.29 004.26 005.27 004.16 15 0 0 0608
004.26 005.27 004.16 005.51 15 0 0 0609
005.27 004.16 005.51 003.83 15 0 0 0610
004.16 005.51 003.83 005.42 15 0 0 0611
005.51 003.83 005.42 003.80 15 0 0 0612
003.83 005.42 003.80 005.55 15 0 0 0613
005.42 003.80 005.55 004.48 15 0 0 0614
003.80 005.55 004.48 005.94 15 0 0 0615
005.55 004.48 005.94 004.54 15 0 0 0616
004.48 005.94 004.54 005.60 15 0 0 0617
005.94 004.54 005.60 004.17 15 0 0 0618
004.54 005.60 004.17 005.10 15 0 0 0619
005.60 004.17 005.10 004.01 15 0 0 0620
004.17 005.10 004.01 005.50 15 0 0 0621
005.10 004.01 005.50 003.58 15 0 0 0622
004.01 005.50 003.58 004.94 16 2 0 0623
005.50 003.58 004.94 007.92 16 2 0 0624
003.58 004.94 007.92 017.22 16 2 2 0625
004.94 007.92 017.22 017.36 16 2 2 0626
007.92 017.22 017.36 025.30 16 2 2 0627
017.22 017.36 025.30 033.24 16 2 2 0628
017.36 025.30 033.24 054.52 17 3 2 0629
025.30 033.24 054.52 076.93 17 3 2 0630
033.24 054.52 076.93 094.45 17 3 3 0631
054.52 076.93 094.45 114.47 17 3 3 0632
076.93 094.45 114.47 127.67 17 3 3 0633
094.45 114.47 127.67 136.85 17 3 3 0634
114.47 127.67 136.85 149.56 17 3 3 0635
127.67 136.85 149.56 158.11 17 3 3 0636
136.85 149.56 158.11 165.36 17 3 3 0637
149.56 158.11 165.36 157.18 17 3 3 0638
158.11 165.36 157.18 152.45 17 3 3 0639
165.36 157.18 152.45 151.14 17 3 3 0640
157.18 152.45 151.14 151.93 17 3 3 0641
152.45 151.14 151.93 142.42 17 3 3 0642
151.14 151.93 142.42 147.81 17 3 3 0643
151.93 142.42 147.81 161.33 17 3 3 0644
142.42 147.81 161.33 176.27 17 3 3 0645
147.81 161.33 176.27 186.68 17 3 3 0646
161.33 176.27 186.68 197.07 17 3 3 0647
176.27 186.68 197.07 204.25 17 3 3 0648
186.68 197.07 204.25 217.19 17 3 3 0649
197.07 204.25 217.19 221.66 17 3 3 0650
204.25 217.19 221.66 226.26 17 3 3 0651
217.19 221.66 226.26 227.37 17 3 3 0652
221.66 226.26 227.37 230.66 17 3 3 0653
226.26 227.37 230.66 229.81 17 3 3 0654
227.37 230.66 229.81 230.47 17 3 3 0655
230.66 229.81 230.47 224.95 17 3 3 0656
229.81 230.47 224.95 221.72 17 3 3 0657
230.47 224.95 221.72 214.72 17 3 3 0658
224.95 221.72 214.72 212.09 17 3 3 0659
221.72 214.72 212.09 207.25 17 3 3 0660
214.72 212.09 207.25 206.09 17 3 3 0661
212.09 207.25 206.09 202.70 17 3 3 0662
207.25 206.09 202.70 202.13 17 3 3 0663
206.09 202.70 202.13 200.53 17 3 3 0664
202.70 202.13 200.53 202.11 17 3 3 0665
202.13 200.53 202.11 200.52 17 3 3 0666
200.53 202.11 200.52 201.63 17 3 3 0667
202.11 200.52 201.63 200.08 17 3 3 0668
200.52 201.63 200.08 201.66 17 3 3 0669
201.63 200.08 201.66 200.69 17 3 3 0670
200.08 201.66 200.69 203.58 17 3 3 0671
201.66 200.69 203.58 204.22 17 3 3 0672
200.69 203.58 204.22 206.71 17 3 3 0673
203.58 204.22 206.71 205.07 17 3 3 0674
204.22 206.71 205.07 203.10 17 3 3 0675
206.71 205.07 203.10 199.30 17 3 3 0676
205.07 203.10 199.30 198.39 17 3 3 0677
203.10 199.30 198.39 194.91 17 3 3 0678
199.30 198.39 194.91 194.92 17 3 3 0679
198.39 194.91 194.92 191.81 17 3 3 0680
194.91 194.92 191.81 190.54 17 3 3 0681
194.92 191.81 190.54 188.63 17 3 3 0682
191.81 190.54 188.63 189.31 17 3 3 0683
190.54 188.63 189.31 189.16 17 3 3 0684
188.63 189.31 189.16 191.58 17 3 3 0685
189.31 189.16 191.58 192.18 17 3 3 0686
189.16 191.58 192.18 194.87 17 3 3 0687
191.58 192.18 194.87 195.15 17 3 3 0688
192.18 194.87 195.15 198.97 17 3 3 0689
194.87 195.15 198.97 200.32 17 3 3 0690
195.15 198.97 200.32 204.58 17 3 3 0691
198.97 200.32 204.58 207.45 17 3 3 0692
200.32 204.58 207.45 212.94 17 3 3 0693
204.58 207.45 212.94 216.77 17 3 3 0694
207.45 212.94 216.77 223.30 17 3 3 0695
212.94 216.77 223.30 226.80 17 3 3 0696
216.77 223.30 226.80 231.18 17 3 3 0697
223.30 226.80 231.18 224.39 17 3 3 0698
226.80 231.18 224.39 223.48 17 3 3 0699
231.18 224.39 223.48 222.37 17 3 3 0700
224.39 223.48 222.37 222.77 17 3 3 0701
223.48 222.37 222.77 221.56 17 3 3 0702
222.37 222.77 221.56 222.33 17 3 3 0703
222.77 221.56 222.33 224.55 17 3 3 0704
221.56 222.33 224.55 228.81 17 3 3 0705
222.33 224.55 228.81 231.98 17 3 3 0706
224.55 228.81 231.98 237.68 17 3 3 0707
228.81 231.98 237.68 240.59 17 3 3 0708
231.98 237.68 240.59 244.05 17 3 3 0709
237.68 240.59 244.05 246.05 17 3 3 0710
240.59 244.05 246.05 248.24 17 3 3 0711
244.05 246.05 248.24 249.11 17 3 3 0712
246.05 248.24 249.11 250.58 17 3 3 0713
248.24 249.11 250.58 250.63 17 3 3 0714
249.11 250.58 250.63 252.19 17 3 3 0715
250.58 250.63 252.19 252.99 17 3 3 0716
250.63 252.19 252.99 255.87 17 3 3 0717
252.19 252.99 255.87 256.96 17 3 3 0718
252.99 255.87 256.96 259.30 17 3 3 0719
255.87 256.96 259.30 260.51 17 3 3 0720
256.96 259.30 260.51 262.30 17 3 3 0721
259.30 260.51 262.30 254.58 17 3 3 0722
260.51 262.30 254.58 227.38 17 3 3 0723
262.30 254.58 227.38 192.92 17 3 3 0724
254.58 227.38 192.92 160.13 17 3 3 0725
227.38 192.92 160.13 129.62 17 3 3 0726
192.92 160.13 129.62 102.58 17 3 3 0727
160.13 129.62 102.58 079.93 17 3 3 0728
129.62 102.58 079.93 069.47 17 3 3 0729
102.58 079.93 069.47 052.74 17 3 3 0730
079.93 069.47 052.74 037.35 17 3 3 0731
069.47 052.74 037.35 028.69 18 1 3 0732
052.74 037.35 028.69 027.02 18 1 1 0733
037.35 028.69 027.02 025.70 18 1 1 0734
028.69 027.02 025.70 019.75 18 1 1 0735
027.02 025.70 019.75 012.02 18 1 1 0736
025.70 019.75 012.02 006.46 18 1 1 0737
019.75 012.02 006.46 001.84 19 0 0 0738
012.02 006.46 001.84 001.03 19 0 0 0739
006.46 001.84 001.03 000.73 19 0 0 0740
001.84 001.03 000.73 001.81 19 0 0 0741
001.03 000.73 001.81 001.35 19 0 0 0742
000.73 001.81 001.35 001.47 19 0 0 0743
001.81 001.35 001.47 001.55 19 0 0 0744
001.35 001.47 001.55 001.82 19 0 0 0745
001.47 001.55 001.82 002.17 19 0 0 0746
001.55 001.82 002.17 002.14 19 0 0 0747
001.82 002.17 002.14 001.97 19 0 0 0748
002.17 002.14 001.97 001.79 19 0 0 0749
002.14 001.97 001.79 002.06 19 0 0 0750
001.97 001.79 002.06 001.39 19 0 0 0751
001.79 002.06 001.39 001.99 19 0 0 0752
002.06 001.39 001.99 001.43 19 0 0 0753
001.39 001.99 001.43 001.66 19 0 0 0754
001.99 001.43 001.66 001.60 19 0 0 0755
001.43 001.66 001.60 001.78 19 0 0 0756
001.66 001.60 001.78 001.83 19 0 0 0757
001.60 001.78 001.83 001.77 19 0 0 0758
001.78 001.83 001.77 001.70 19 0 0 0759
001.83 001.77 001.70 001.82 19 0 0 0760
001.77 001.70 001.82 001.77 19 0 0 0761
001.70 001.82 001.77 002.34 19 0 0 0762
001.82 001.77 002.34 002.11 19 0 0 0763
001.77 002.34 002.11 002.65 19 0 0 0764
002.34 002.11 002.65 002.76 19 0 0 0765
002.11 002.65 002.76 002.98 19 0 0 0766
002.65 002.76 002.98 002.71 19 0 0 0767
002.76 002.98 002.71 003.08 19 0 0 0768
002.98 002.71 003.08 002.63 19 0 0 0769
002.71 003.08 002.63 003.82 19 0 0 0770
003.08 002.63 003.82 003.52 19 0 0 0771
002.63 003.82 003.52 003.87 19 0 0 0772
003.82 003.52 003.87 003.48 19 0 0 0773
003.52 003.87 003.48 004.00 19 0 0 0774
003.87 003.48 004.00 003.16 19 0 0 0775
003.48 004.00 003.16 003.31 19 0 0 0776
004.00 003.16 003.31 002.96 19 0 0 0777
003.16 003.31 002.96 003.03 19 0 0 0778
003.31 002.96 003.03 002.93 19 0 0 0779
002.96 003.03 002.93 003.74 19 0 0 0780
003.03 002.93 003.74 003.13 19 0 0 0781
002.93 003.74 003.13 003.64 19 0 0 0782
003.74 003.13 003.64 003.17 19 0 0 0783
003.13 003.64 003.17 005.47 19 0 0 0784
003.64 003.17 005.47 011.68 20 2 0 0785
003.17 005.47 011.68 017.72 20 2 0 0786
005.47 011.68 017.72 015.83 20 2 2 0787
011.68 017.72 015.83 016.54 20 2 2 0788
017.72 015.83 016.54 021.63 20 2 2 0789
015.83 016.54 021.63 035.82 20 2 2 0790
016.54 021.63 035.82 059.33 21 3 2 0791
021.63 035.82 059.33 082.70 21 3 2 0792
035.82 059.33 082.70 108.51 21 3 3 0793
059.33 082.70 108.51 138.99 21 3 3 0794
082.70 108.51 138.99 182.66 21 3 3 0795
108.51 138.99 182.66 222.58 21 3 3 0796
138.99 182.66 222.58 236.95 21 3 3 0797
182.66 222.58 236.95 226.05 21 3 3 0798
222.58 236.95 226.05 214.22 21 3 3 0799
236.95 226.05 214.22 222.02 21 3 3 0800
226.05 214.22 222.02 215.81 21 3 3 0801
214.22 222.02 215.81 205.23 21 3 3 0802
222.02 215.81 205.23 201.96 21 3 3 0803
215.81 205.23 201.96 212.66 21 3 3 0804
205.23 201.96 212.66 217.41 21 3 3 0805
201.96 212.66 217.41 225.81 21 3 3 0806
212.66 217.41 225.81 234.48 21 3 3 0807
217.41 225.81 234.48 245.03 21 3 3 0808
225.81 234.48 245.03 251.72 21 3 3 0809
234.48 245.03 251.72 258.68 21 3 3 0810
245.03 251.72 258.68 260.02 21 3 3 0811
251.72 258.68 260.02 261.48 21 3 3 0812
258.68 260.02 261.48 260.57 21 3 3 0813
260.02 261.48 260.57 259.86 21 3 3 0814
261.48 260.57 259.86 255.02 21 3 3 0815
260.57 259.86 255.02 252.10 21 3 3 0816
259.86 255.02 252.10 247.17 21 3 3 0817
255.02 252.10 247.17 245.32 21 3 3 0818
252.10 247.17 245.32 239.97 21 3 3 0819
247.17 245.32 239.97 237.32 21 3 3 0820
245.32 239.97 237.32 230.71 21 3 3 0821
239.97 237.32 230.71 227.03 21 3 3 0822
237.32 230.71 227.03 220.00 21 3 3 0823
230.71 227.03 220.00 215.52 21 3 3 0824
227.03 220.00 215.52 207.21 21 3 3 0825
220.00 215.52 207.21 201.61 21 3 3 0826
215.52 207.21 201.61 194.28 21 3 3 0827
207.21 201.61 194.28 190.54 21 3 3 0828
201.61 194.28 190.54 184.70 21 3 3 0829
194.28 190.54 184.70 181.91 21 3 3 0830
190.54 184.70 181.91 175.69 21 3 3 0831
184.70 181.91 175.69 170.68 21 3 3 0832
181.91 175.69 170.68 161.73 21 3 3 0833
175.69 170.68 161.73 157.64 21 3 3 0834
170.68 161.73 157.64 153.36 21 3 3 0835
161.73 157.64 153.36 154.91 21 3 3 0836
157.64 153.36 154.91 154.38 21 3 3 0837
153.36 154.91 154.38 157.59 21 3 3 0838
154.91 154.38 157.59 158.60 21 3 3 0839
154.38 157.59 158.60 162.72 21 3 3 0840
157.59 158.60 162.72 162.99 21 3 3 0841
158.60 162.72 162.99 166.32 21 3 3 0842
162.72 162.99 166.32 166.16 21 3 3 0843
162.99 166.32 166.16 170.57 21 3 3 0844
166.32 166.16 170.57 171.75 21 3 3 0845
166.16 170.57 171.75 175.28 21 3 3 0846
170.57 171.75 175.28 175.21 21 3 3 0847
171.75 175.28 175.21 178.23 21 3 3 0848
175.28 175.21 178.23 176.93 21 3 3 0849
175.21 178.23 176.93 178.82 21 3 3 0850
178.23 176.93 178.82 175.64 21 3 3 0851
176.93 178.82 175.64 176.50 21 3 3 0852
178.82 175.64 176.50 173.19 21 3 3 0853
175.64 176.50 173.19 173.68 21 3 3 0854
176.50 173.19 173.68 171.46 21 3 3 0855
173.19 173.68 171.46 172.37 21 3 3 0856
173.68 171.46 172.37 171.19 21 3 3 0857
171.46 172.37 171.19 174.36 21 3 3 0858
172.37 171.19 174.36 174.50 21 3 3 0859
171.19 174.36 174.50 178.07 21 3 3 0860
174.36 174.50 178.07 177.37 21 3 3 0861
174.50 178.07 177.37 182.77 21 3 3 0862
178.07 177.37 182.77 184.31 21 3 3 0863
177.37 182.77 184.31 190.77 21 3 3 0864
182.77 184.31 190.77 193.05 21 3 3 0865
184.31 190.77 193.05 198.01 21 3 3 0866
190.77 193.05 198.01 199.18 21 3 3 0867
193.05 198.01 199.18 205.37 21 3 3 0868
198.01 199.18 205.37 205.81 21 3 3 0869
199.18 205.37 205.81 209.20 21 3 3 0870
205.37 205.81 209.20 207.37 21 3 3 0871
205.81 209.20 207.37 208.93 21 3 3 0872
209.20 207.37 208.93 205.08 21 3 3 0873
207.37 208.93 205.08 205.10 21 3 3 0874
208.93 205.08 205.10 199.67 21 3 3 0875
205.08 205.10 199.67 195.89 21 3 3 0876
205.10 199.67 195.89 188.88 21 3 3 0877
199.67 195.89 188.88 184.84 21 3 3 0878
195.89 188.88 184.84 175.13 21 3 3 0879
188.88 184.84 175.13 172.40 21 3 3 0880
184.84 175.13 172.40 172.44 21 3 3 0881
175.13 172.40 172.44 170.23 21 3 3 0882
172.40 172.44 170.23 151.00 21 3 3 0883
172.44 170.23 151.00 128.85 21 3 3 0884
170.23 151.00 128.85 102.96 21 3 3 0885
151.00 128.85 102.96 085.73 21 3 3 0886
128.85 102.96 085.73 070.25 21 3 3 0887
102.96 085.73 070.25 056.81 21 3 3 0888
085.73 070.25 056.81 040.28 21 3 3 0889
070.25 056.81 040.28 027.63 22 1 3 0890
056.81 040.28 027.63 021.65 22 1 1 0891
040.28 027.63 021.65 020.42 22 1 1 0892
027.63 021.65 020.42 016.44 22 1 1 0893
021.65 020.42 016.44 014.39 22 1 1 0894
020.42 016.44 014.39 007.95 22 1 1 0895
016.44 014.39 007.95 003.04 23 0 0 0896
014.39 007.95 003.04 -00.55 23 0 0 0897
007.95 003.04 -00.55 001.02 23 0 0 0898
003.04 -00.55 001.02 000.42 23 0 0 0899
-00.55 001.02 000.42 001.69 23 0 0 0900
001.02 000.42 001.69 000.68 23 0 0 0901
000.42 001.69 000.68 001.72 23 0 0 0902
001.69 000.68 001.72 001.03 23 0 0 0903
000.68 001.72 001.03 001.54 23 0 0 0904
001.72 001.03 001.54 000.49 23 0 0 0905
001.03 001.54 000.49 000.99 23 0 0 0906
001.54 000.49 000.99 -00.21 23 0 0 0907
000.49 000.99 -00.21 000.86 23 0 0 0908
000.99 -00.21 000.86 -00.02 23 0 0 0909
-00.21 000.86 -00.02 000.99 23 0 0 0910
000.86 -00.02 000.99 -00.07 23 0 0 0911
-00.02 000.99 -00.07 000.76 23 0 0 0912
000.99 -00.07 000.76 -00.01 23 0 0 0913
-00.07 000.76 -00.01 001.08 23 0 0 0914
000.76 -00.01 001.08 000.83 23 0 0 0915
-00.01 001.08 000.83 001.51 23 0 0 0916
001.08 000.83 001.51 000.61 23 0 0 0917
000.83 001.51 000.61 001.64 23 0 0 0918
001.51 000.61 001.64 001.04 23 0 0 0919
000.61 001.64 001.04 002.33 23 0 0 0920
001.64 001.04 002.33 001.51 23 0 0 0921
001.04 002.33 001.51 002.26 23 0 0 0922
002.33 001.51 002.26 000.90 23 0 0 0923
001.51 002.26 000.90 002.50 23 0 0 0924
002.26 000.90 002.50 001.34 23 0 0 0925
000.90 002.50 001.34 002.27 23 0 0 0926
002.50 001.34 002.27 001.39 23 0 0 0927
001.34 002.27 001.39 002.93 23 0 0 0928
002.27 001.39 002.93 002.08 23 0 0 0929
001.39 002.93 002.08 003.08 23 0 0 0930
002.93 002.08 003.08 002.20 23 0 0 0931
002.08 003.08 002.20 003.19 23 0 0 0932
003.08 002.20 003.19 001.95 23 0 0 0933
002.20 003.19 001.95 002.86 23 0 0 0934
003.19 001.95 002.86 002.08 23 0 0 0935
001.95 002.86 002.08 003.20 23 0 0 0936
002.86 002.08 003.20 002.08 23 0 0 0937
002.08 003.20 002.08 003.56 23 0 0 0938
003.20 002.08 003.56 002.41 23 0 0 0939
002.08 003.56 002.41 003.23 23 0 0 0940
003.56 002.41 003.23 002.28 23 0 0 0941
002.41 003.23 002.28 003.53 23 0 0 0942
003.23 002.28 003.53 002.52 23 0 0 0943
002.28 003.53 002.52 003.57 23 0 0 0944
003.53 002.52 003.57 005.51 23 0 0 0945
002.52 003.57 005.51 009.05 24 2 0 0946
003.57 005.51 009.05 010.71 24 2 0 0947
005.51 009.05 010.71 013.90 24 2 2 0948
009.05 010.71 013.90 015.50 24 2 2 0949
010.71 013.90 015.50 025.53 24 2 2 0950
013.90 015.50 025.53 045.66 24 2 2 0951
015.50 025.53 045.66 082.86 25 3 2 0952
025.53 045.66 082.86 122.99 25 3 2 0953
045.66 082.86 122.99 163.25 25 3 3 0954
082.86 122.99 163.25 189.46 25 3 3 0955
122.99 163.25 189.46 206.61 25 3 3 0956
163.25 189.46 206.61 213.19 25 3 3 0957
189.46 206.61 213.19 209.38 25 3 3 0958
206.61 213.19 209.38 192.75 25 3 3 0959
213.19 209.38 192.75 190.20 25 3 3 0960
209.38 192.75 190.20 195.56 25 3 3 0961
192.75 190.20 195.56 189.84 25 3 3 0962
190.20 195.56 189.84 183.73 25 3 3 0963
195.56 189.84 183.73 200.61 25 3 3 0964
189.84 183.73 200.61 215.64 25 3 3 0965
183.73 200.61 215.64 226.68 25 3 3 0966
200.61 215.64 226.68 232.01 25 3 3 0967
215.64 226.68 232.01 236.74 25 3 3 0968
226.68 232.01 236.74 237.17 25 3 3 0969
232.01 236.74 237.17 238.32 25 3 3 0970
236.74 237.17 238.32 235.52 25 3 3 0971
237.17 238.32 235.52 232.23 25 3 3 0972
238.32 235.52 232.23 228.25 25 3 3 0973
235.52 232.23 228.25 225.58 25 3 3 0974
232.23 228.25 225.58 221.84 25 3 3 0975
228.25 225.58 221.84 220.03 25 3 3 0976
225.58 221.84 220.03 217.49 25 3 3 0977
221.84 220.03 217.49 216.24 25 3 3 0978
220.03 217.49 216.24 215.59 25 3 3 0979
217.49 216.24 215.59 215.12 25 3 3 0980
216.24 215.59 215.12 213.79 25 3 3 0981
215.59 215.12 213.79 212.61 25 3 3 0982
215.12 213.79 212.61 210.46 25 3 3 0983
213.79 212.61 210.46 208.74 25 3 3 0984
212.61 210.46 208.74 205.64 25 3 3 0985
210.46 208.74 205.64 201.99 25 3 3 0986
208.74 205.64 201.99 198.91 25 3 3 0987
205.64 201.99 198.91 195.18 25 3 3 0988
201.99 198.91 195.18 191.35 25 3 3 0989
198.91 195.18 191.35 187.19 25 3 3 0990
195.18 191.35 187.19 183.34 25 3 3 0991
191.35 187.19 183.34 180.15 25 3 3 0992
187.19 183.34 180.15 178.42 25 3 3 0993
183.34 180.15 178.42 178.12 25 3 3 0994
180.15 178.42 178.12 178.97 25 3 3 0995
178.42 178.12 178.97 179.49 25 3 3 0996
178.12 178.97 179.49 180.45 25 3 3 0997
178.97 179.49 180.45 181.21 25 3 3 0998
179.49 180.45 181.21 182.11 25 3 3 0999
180.45 181.21 182.11 183.30 25 3 3 1000
181.21 182.11 183.30 184.30 25 3 3 1001
182.11 183.30 184.30 185.64 25 3 3 1002
183.30 184.30 185.64 187.78 25 3 3 1003
184.30 185.64 187.78 189.91 25 3 3 1004
185.64 187.78 189.91 192.36 25 3 3 1005
187.78 189.91 192.36 195.21 25 3 3 1006
189.91 192.36 195.21 198.46 25 3 3 1007
192.36 195.21 198.46 201.41 25 3 3 1008
195.21 198.46 201.41 204.74 25 3 3 1009
198.46 201.41 204.74 207.71 25 3 3 1010
201.41 204.74 207.71 210.34 25 3 3 1011
204.74 207.71 210.34 212.71 25 3 3 1012
207.71 210.34 212.71 215.32 25 3 3 1013
210.34 212.71 215.32 217.63 25 3 3 1014
212.71 215.32 217.63 219.14 25 3 3 1015
215.32 217.63 219.14 218.78 25 3 3 1016
217.63 219.14 218.78 216.43 25 3 3 1017
219.14 218.78 216.43 216.98 25 3 3 1018
218.78 216.43 216.98 217.82 25 3 3 1019
216.43 216.98 217.82 217.44 25 3 3 1020
216.98 217.82 217.44 219.37 25 3 3 1021
217.82 217.44 219.37 219.16 25 3 3 1022
217.44 219.37 219.16 220.51 25 3 3 1023
219.37 219.16 220.51 221.37 25 3 3 1024
219.16 220.51 221.37 223.81 25 3 3 1025
220.51 221.37 223.81 224.65 25 3 3 1026
221.37 223.81 224.65 226.71 25 3 3 1027
223.81 224.65 226.71 227.71 25 3 3 1028
224.65 226.71 227.71 228.86 25 3 3 1029
226.71 227.71 228.86 229.22 25 3 3 1030
227.71 228.86 229.22 229.74 25 3 3 1031
228.86 229.22 229.74 229.41 25 3 3 1032
229.22 229.74 229.41 230.16 25 3 3 1033
229.74 229.41 230.16 230.31 25 3 3 1034
229.41 230.16 230.31 231.54 25 3 3 1035
230.16 230.31 231.54 231.63 25 3 3 1036
230.31 231.54 231.63 233.82 25 3 3 1037
231.54 231.63 233.82 236.43 25 3 3 1038
231.63 233.82 236.43 241.35 25 3 3 1039
233.82 236.43 241.35 233.35 25 3 3 1040
236.43 241.35 233.35 209.99 25 3 3 1041
241.35 233.35 209.99 180.00 25 3 3 1042
233.35 209.99 180.00 152.54 25 3 3 1043
209.99 180.00 152.54 125.81 25 3 3 1044
180.00 152.54 125.81 101.59 25 3 3 1045
152.54 125.81 101.59 076.27 25 3 3 1046
125.81 101.59 076.27 060.49 25 3 3 1047
101.59 076.27 060.49 047.12 25 3 3 1048
076.27 060.49 047.12 034.09 25 3 3 1049
060.49 047.12 034.09 022.70 26 1 3 1050
047.12 034.09 022.70 020.12 26 1 1 1051
034.09 022.70 020.12 017.66 26 1 1 1052
022.70 020.12 017.66 016.56 26 1 1 1053
020.12 017.66 016.56 010.43 26 1 1 1054
017.66 016.56 010.43 005.69 26 1 1 1055
016.56 010.43 005.69 000.47 27 0 0 1056
010.43 005.69 000.47 000.45 27 0 0 1057
005.69 000.47 000.45 -00.42 27 0 0 1058
000.47 000.45 -00.42 001.08 27 0 0 1059
000.45 -00.42 001.08 000.50 27 0 0 1060
-00.42 001.08 000.50 001.61 27 0 0 1061
001.08 000.50 001.61 000.23 27 0 0 1062
000.50 001.61 000.23 001.66 27 0 0 1063
001.61 000.23 001.66 001.08 27 0 0 1064
000.23 001.66 001.08 001.52 27 0 0 1065
001.66 001.08 001.52 000.72 27 0 0 1066
001.08 001.52 000.72 001.42 27 0 0 1067
001.52 000.72 001.42 000.04 27 0 0 1068
000.72 001.42 000.04 001.04 27 0 0 1069
001.42 000.04 001.04 -00.07 27 0 0 1070
000.04 001.04 -00.07 001.17 27 0 0 1071
001.04 -00.07 001.17 -00.23 27 0 0 1072
-00.07 001.17 -00.23 000.98 27 0 0 1073
001.17 -00.23 000.98 -00.36 27 0 0 1074
-00.23 000.98 -00.36 001.10 27 0 0 1075
000.98 -00.36 001.10 000.33 27 0 0 1076
-00.36 001.10 000.33 001.49 27 0 0 1077
001.10 000.33 001.49 000.46 27 0 0 1078
000.33 001.49 000.46 001.73 27 0 0 1079
001.49 000.46 001.73 000.65 27 0 0 1080
000.46 001.73 000.65 002.04 27 0 0 1081
001.73 000.65 002.04 001.14 27 0 0 1082
000.65 002.04 001.14 002.00 27 0 0 1083
002.04 001.14 002.00 000.91 27 0 0 1084
001.14 002.00 000.91 002.38 27 0 0 1085
002.00 000.91 002.38 001.10 27 0 0 1086
000.91 002.38 001.10 002.16 27 0 0 1087
002.38 001.10 002.16 001.05 27 0 0 1088
001.10 002.16 001.05 002.94 27 0 0 1089
002.16 001.05 002.94 001.72 27 0 0 1090
001.05 002.94 001.72 003.51 27 0 0 1091
002.94 001.72 003.51 001.57 27 0 0 1092
001.72 003.51 001.57 003.31 27 0 0 1093
003.51 001.57 003.31 001.42 27 0 0 1094
001.57 003.31 001.42 003.27 27 0 0 1095
003.31 001.42 003.27 001.68 27 0 0 1096
001.42 003.27 001.68 003.25 27 0 0 1097
003.27 001.68 003.25 001.78 27 0 0 1098
001.68 003.25 001.78 003.64 27 0 0 1099
003.25 001.78 003.64 002.23 27 0 0 1100
001.78 003.64 002.23 003.34 27 0 0 1101
003.64 002.23 003.34 002.00 27 0 0 1102
002.23 003.34 002.00 003.74 27 0 0 1103
003.34 002.00 003.74 002.25 27 0 0 1104
002.00 003.74 002.25 004.89 27 0 0 1105
003.74 002.25 004.89 007.17 28 2 0 1106
002.25 004.89 007.17 010.01 28 2 0 1107
004.89 007.17 010.01 011.42 28 2 2 1108
007.17 010.01 011.42 016.06 28 2 2 1109
010.01 011.42 016.06 025.56 28 2 2 1110
011.42 016.06 025.56 046.22 28 2 2 1111
016.06 025.56 046.22 072.13 29 3 2 1112
025.56 046.22 072.13 095.26 29 3 2 1113
046.22 072.13 095.26 112.44 29 3 3 1114
072.13 095.26 112.44 129.68 29 3 3 1115
095.26 112.44 129.68 147.65 29 3 3 1116
112.44 129.68 147.65 171.81 29 3 3 1117
129.68 147.65 171.81 192.72 29 3 3 1118
147.65 171.81 192.72 208.93 29 3 3 1119
171.81 192.72 208.93 216.51 29 3 3 1120
192.72 208.93 216.51 215.77 29 3 3 1121
208.93 216.51 215.77 200.04 29 3 3 1122
216.51 215.77 200.04 185.68 29 3 3 1123
215.77 200.04 185.68 181.34 29 3 3 1124
200.04 185.68 181.34 197.38 29 3 3 1125
185.68 181.34 197.38 206.39 29 3 3 1126
181.34 197.38 206.39 220.27 29 3 3 1127
197.38 206.39 220.27 225.95 29 3 3 1128
206.39 220.27 225.95 231.19 29 3 3 1129
220.27 225.95 231.19 229.38 29 3 3 1130
225.95 231.19 229.38 229.65 29 3 3 1131
231.19 229.38 229.65 225.54 29 3 3 1132
229.38 229.65 225.54 225.59 29 3 3 1133
229.65 225.54 225.59 220.97 29 3 3 1134
225.54 225.59 220.97 220.49 29 3 3 1135
225.59 220.97 220.49 217.11 29 3 3 1136
220.97 220.49 217.11 217.97 29 3 3 1137
220.49 217.11 217.97 215.79 29 3 3 1138
217.11 217.97 215.79 217.06 29 3 3 1139
217.97 215.79 217.06 214.92 29 3 3 1140
215.79 217.06 214.92 214.77 29 3 3 1141
217.06 214.92 214.77 211.98 29 3 3 1142
214.92 214.77 211.98 212.71 29 3 3 1143
214.77 211.98 212.71 209.42 29 3 3 1144
211.98 212.71 209.42 210.05 29 3 3 1145
212.71 209.42 210.05 207.58 29 3 3 1146
209.42 210.05 207.58 209.53 29 3 3 1147
210.05 207.58 209.53 208.13 29 3 3 1148
207.58 209.53 208.13 210.57 29 3 3 1149
209.53 208.13 210.57 210.56 29 3 3 1150
208.13 210.57 210.56 213.86 29 3 3 1151
210.57 210.56 213.86 213.68 29 3 3 1152
210.56 213.86 213.68 217.77 29 3 3 1153
213.86 213.68 217.77 217.55 29 3 3 1154
213.68 217.77 217.55 220.74 29 3 3 1155
217.77 217.55 220.74 220.65 29 3 3 1156
217.55 220.74 220.65 224.16 29 3 3 1157
220.74 220.65 224.16 224.62 29 3 3 1158
220.65 224.16 224.62 227.39 29 3 3 1159
224.16 224.62 227.39 227.37 29 3 3 1160
224.62 227.39 227.37 229.06 29 3 3 1161
227.39 227.37 229.06 228.69 29 3 3 1162
227.37 229.06 228.69 231.24 29 3 3 1163
229.06 228.69 231.24 230.82 29 3 3 1164
228.69 231.24 230.82 233.02 29 3 3 1165
231.24 230.82 233.02 232.26 29 3 3 1166
230.82 233.02 232.26 233.85 29 3 3 1167
233.02 232.26 233.85 232.60 29 3 3 1168
232.26 233.85 232.60 234.63 29 3 3 1169
233.85 232.60 234.63 233.58 29 3 3 1170
232.60 234.63 233.58 235.16 29 3 3 1171
234.63 233.58 235.16 233.80 29 3 3 1172
233.58 235.16 233.80 234.67 29 3 3 1173
235.16 233.80 234.67 232.94 29 3 3 1174
233.80 234.67 232.94 233.36 29 3 3 1175
234.67 232.94 233.36 230.10 29 3 3 1176
232.94 233.36 230.10 227.88 29 3 3 1177
233.36 230.10 227.88 222.36 29 3 3 1178
230.10 227.88 222.36 218.84 29 3 3 1179
227.88 222.36 218.84 214.70 29 3 3 1180
222.36 218.84 214.70 215.18 29 3 3 1181
218.84 214.70 215.18 213.80 29 3 3 1182
214.70 215.18 213.80 215.64 29 3 3 1183
215.18 213.80 215.64 215.26 29 3 3 1184
213.80 215.64 215.26 217.79 29 3 3 1185
215.64 215.26 217.79 217.65 29 3 3 1186
215.26 217.79 217.65 222.31 29 3 3 1187
217.79 217.65 222.31 224.47 29 3 3 1188
217.65 222.31 224.47 227.08 29 3 3 1189
222.31 224.47 227.08 229.15 29 3 3 1190
224.47 227.08 229.15 231.31 29 3 3 1191
227.08 229.15 231.31 230.71 29 3 3 1192
229.15 231.31 230.71 232.95 29 3 3 1193
231.31 230.71 232.95 232.69 29 3 3 1194
230.71 232.95 232.69 233.90 29 3 3 1195
232.95 232.69 233.90 232.90 29 3 3 1196
232.69 233.90 232.90 235.16 29 3 3 1197
233.90 232.90 235.16 235.80 29 3 3 1198
232.90 235.16 235.80 239.39 29 3 3 1199
235.16 235.80 239.39 242.01 29 3 3 1200
235.80 239.39 242.01 247.26 29 3 3 1201
239.39 242.01 247.26 250.48 29 3 3 1202
242.01 247.26 250.48 256.77 29 3 3 1203
247.26 250.48 256.77 259.17 29 3 3 1204
250.48 256.77 259.17 256.51 29 3 3 1205
256.77 259.17 256.51 241.57 29 3 3 1206
259.17 256.51 241.57 219.61 29 3 3 1207
256.51 241.57 219.61 189.99 29 3 3 1208
241.57 219.61 189.99 163.39 29 3 3 1209
219.61 189.99 163.39 136.21 29 3 3 1210
189.99 163.39 136.21 108.40 29 3 3 1211
163.39 136.21 108.40 086.65 29 3 3 1212
136.21 108.40 086.65 068.59 29 3 3 1213
108.40 086.65 068.59 048.27 29 3 3 1214
086.65 068.59 048.27 034.75 29 3 3 1215
068.59 048.27 034.75 026.55 30 1 3 1216
048.27 034.75 026.55 023.45 30 1 1 1217
034.75 026.55 023.45 017.36 30 1 1 1218
026.55 023.45 017.36 009.74 30 1 1 1219
023.45 017.36 009.74 004.23 30 1 1 1220
017.36 009.74 004.23 000.83 30 1 1 1221
009.74 004.23 000.83 000.86 31 0 0 1222
004.23 000.83 000.86 001.77 31 0 0 1223
000.83 000.86 001.77 001.72 31 0 0 1224
000.86 001.77 001.72 001.53 31 0 0 1225
001.77 001.72 001.53 001.34 31 0 0 1226
001.72 001.53 001.34 001.70 31 0 0 1227
001.53 001.34 001.70 001.72 31 0 0 1228
001.34 001.70 001.72 001.55 31 0 0 1229
001.70 001.72 001.55 001.36 31 0 0 1230
001.72 001.55 001.36 001.55 31 0 0 1231
001.55 001.36 001.55 001.19 31 0 0 1232
001.36 001.55 001.19 001.32 31 0 0 1233
001.55 001.19 001.32 001.03 31 0 0 1234
001.19 001.32 001.03 001.29 31 0 0 1235
001.32 001.03 001.29 000.93 31 0 0 1236
001.03 001.29 000.93 001.23 31 0 0 1237
001.29 000.93 001.23 001.22 31 0 0 1238
000.93 001.23 001.22 001.58 31 0 0 1239
001.23 001.22 001.58 001.15 31 0 0 1240
001.22 001.58 001.15 001.33 31 0 0 1241
001.58 001.15 001.33 001.37 31 0 0 1242
001.15 001.33 001.37 001.09 31 0 0 1243
001.33 001.37 001.09 001.42 31 0 0 1244
001.37 001.09 001.42 001.52 31 0 0 1245
001.09 001.42 001.52 001.63 31 0 0 1246
001.42 001.52 001.63 001.68 31 0 0 1247
001.52 001.63 001.68 001.84 31 0 0 1248
001.63 001.68 001.84 001.82 31 0 0 1249
001.68 001.84 001.82 001.96 31 0 0 1250
001.84 001.82 001.96 002.29 31 0 0 1251
001.82 001.96 002.29 002.73 31 0 0 1252
001.96 002.29 002.73 002.53 31 0 0 1253
002.29 002.73 002.53 002.68 31 0 0 1254
002.73 002.53 002.68 002.62 31 0 0 1255
002.53 002.68 002.62 002.54 31 0 0 1256
002.68 002.62 002.54 002.12 31 0 0 1257
002.62 002.54 002.12 002.38 31 0 0 1258
002.54 002.12 002.38 002.70 31 0 0 1259
002.12 002.38 002.70 002.44 31 0 0 1260
002.38 002.70 002.44 002.56 31 0 0 1261
002.70 002.44 002.56 002.57 31 0 0 1262
002.44 002.56 002.57 002.43 31 0 0 1263
002.56 002.57 002.43 002.85 31 0 0 1264
002.57 002.43 002.85 002.49 31 0 0 1265
002.43 002.85 002.49 002.98 31 0 0 1266
002.85 002.49 002.98 002.23 31 0 0 1267
002.49 002.98 002.23 002.42 31 0 0 1268
002.98 002.23 002.42 002.58 31 0 0 1269
002.23 002.42 002.58 003.37 31 0 0 1270
002.42 002.58 003.37 005.87 31 0 0 1271
002.58 003.37 005.87 010.83 32 2 0 1272
003.37 005.87 010.83 011.95 32 2 0 1273
005.87 010.83 011.95 016.14 32 2 2 1274
010.83 011.95 016.14 020.34 32 2 2 1275
011.95 016.14 020.34 026.49 32 2 2 1276
016.14 020.34 026.49 036.72 32 2 2 1277
020.34 026.49 036.72 054.97 33 3 2 1278
026.49 036.72 054.97 077.85 33 3 2 1279
036.72 054.97 077.85 103.18 33 3 3 1280
054.97 077.85 103.18 126.98 33 3 3 1281
077.85 103.18 126.98 157.05 33 3 3 1282
103.18 126.98 157.05 183.62 33 3 3 1283
126.98 157.05 183.62 198.75 33 3 3 1284
157.05 183.62 198.75 192.76 33 3 3 1285
183.62 198.75 192.76 184.27 33 3 3 1286
198.75 192.76 184.27 189.34 33 3 3 1287
192.76 184.27 189.34 176.90 33 3 3 1288
184.27 189.34 176.90 167.92 33 3 3 1289
189.34 176.90 167.92 180.25 33 3 3 1290
176.90 167.92 180.25 192.73 33 3 3 1291
167.92 180.25 192.73 205.95 33 3 3 1292
180.25 192.73 205.95 214.62 33 3 3 1293
192.73 205.95 214.62 221.99 33 3 3 1294
205.95 214.62 221.99 225.74 33 3 3 1295
214.62 221.99 225.74 228.54 33 3 3 1296
221.99 225.74 228.54 225.86 33 3 3 1297
225.74 228.54 225.86 224.13 33 3 3 1298
228.54 225.86 224.13 221.20 33 3 3 1299
225.86 224.13 221.20 219.41 33 3 3 1300
224.13 221.20 219.41 216.14 33 3 3 1301
221.20 219.41 216.14 213.38 33 3 3 1302
219.41 216.14 213.38 208.40 33 3 3 1303
216.14 213.38 208.40 205.43 33 3 3 1304
213.38 208.40 205.43 200.96 33 3 3 1305
208.40 205.43 200.96 199.20 33 3 3 1306
205.43 200.96 199.20 196.55 33 3 3 1307
200.96 199.20 196.55 197.45 33 3 3 1308
199.20 196.55 197.45 195.01 33 3 3 1309
196.55 197.45 195.01 195.44 33 3 3 1310
197.45 195.01 195.44 193.03 33 3 3 1311
195.01 195.44 193.03 194.03 33 3 3 1312
195.44 193.03 194.03 192.51 33 3 3 1313
193.03 194.03 192.51 193.38 33 3 3 1314
194.03 192.51 193.38 192.14 33 3 3 1315
192.51 193.38 192.14 191.96 33 3 3 1316
193.38 192.14 191.96 188.22 33 3 3 1317
192.14 191.96 188.22 186.02 33 3 3 1318
191.96 188.22 186.02 182.39 33 3 3 1319
188.22 186.02 182.39 182.02 33 3 3 1320
186.02 182.39 182.02 180.45 33 3 3 1321
182.39 182.02 180.45 182.80 33 3 3 1322
182.02 180.45 182.80 182.20 33 3 3 1323
180.45 182.80 182.20 184.52 33 3 3 1324
182.80 182.20 184.52 183.71 33 3 3 1325
182.20 184.52 183.71 185.37 33 3 3 1326
184.52 183.71 185.37 184.56 33 3 3 1327
183.71 185.37 184.56 186.09 33 3 3 1328
185.37 184.56 186.09 185.62 33 3 3 1329
184.56 186.09 185.62 187.95 33 3 3 1330
186.09 185.62 187.95 187.20 33 3 3 1331
185.62 187.95 187.20 189.83 33 3 3 1332
187.95 187.20 189.83 189.10 33 3 3 1333
187.20 189.83 189.10 192.20 33 3 3 1334
189.83 189.10 192.20 192.01 33 3 3 1335
189.10 192.20 192.01 194.52 33 3 3 1336
192.20 192.01 194.52 194.63 33 3 3 1337
192.01 194.52 194.63 198.05 33 3 3 1338
194.52 194.63 198.05 197.77 33 3 3 1339
194.63 198.05 197.77 201.27 33 3 3 1340
198.05 197.77 201.27 201.58 33 3 3 1341
197.77 201.27 201.58 205.01 33 3 3 1342
201.27 201.58 205.01 204.64 33 3 3 1343
201.58 205.01 204.64 207.53 33 3 3 1344
205.01 204.64 207.53 207.77 33 3 3 1345
204.64 207.53 207.77 211.11 33 3 3 1346
207.53 207.77 211.11 211.84 33 3 3 1347
207.77 211.11 211.84 212.81 33 3 3 1348
211.11 211.84 212.81 203.94 33 3 3 1349
211.84 212.81 203.94 202.26 33 3 3 1350
212.81 203.94 202.26 199.31 33 3 3 1351
203.94 202.26 199.31 201.81 33 3 3 1352
202.26 199.31 201.81 200.38 33 3 3 1353
199.31 201.81 200.38 203.66 33 3 3 1354
201.81 200.38 203.66 203.36 33 3 3 1355
200.38 203.66 203.36 208.70 33 3 3 1356
203.66 203.36 208.70 209.92 33 3 3 1357
203.36 208.70 209.92 213.95 33 3 3 1358
208.70 209.92 213.95 213.06 33 3 3 1359
209.92 213.95 213.06 215.49 33 3 3 1360
213.95 213.06 215.49 213.76 33 3 3 1361
213.06 215.49 213.76 215.69 33 3 3 1362
215.49 213.76 215.69 214.84 33 3 3 1363
213.76 215.69 214.84 217.58 33 3 3 1364
215.69 214.84 217.58 217.38 33 3 3 1365
214.84 217.58 217.38 220.68 33 3 3 1366
217.58 217.38 220.68 221.14 33 3 3 1367
217.38 220.68 221.14 226.35 33 3 3 1368
220.68 221.14 226.35 229.40 33 3 3 1369
221.14 226.35 229.40 233.59 33 3 3 1370
226.35 229.40 233.59 219.13 33 3 3 1371
229.40 233.59 219.13 197.63 33 3 3 1372
233.59 219.13 197.63 168.54 33 3 3 1373
219.13 197.63 168.54 141.49 33 3 3 1374
197.63 168.54 141.49 112.69 33 3 3 1375
168.54 141.49 112.69 089.97 33 3 3 1376
141.49 112.69 089.97 067.68 33 3 3 1377
112.69 089.97 067.68 052.98 33 3 3 1378
089.97 067.68 052.98 037.38 33 3 3 1379
067.68 052.98 037.38 029.66 34 1 3 1380
052.98 037.38 029.66 024.78 34 1 1 1381
037.38 029.66 024.78 020.66 34 1 1 1382
029.66 024.78 020.66 016.57 34 1 1 1383
024.78 020.66 016.57 012.09 34 1 1 1384
020.66 016.57 012.09 004.94 34 1 1 1385
016.57 012.09 004.94 002.33 35 0 0 1386
012.09 004.94 002.33 000.78 35 0 0 1387
004.94 002.33 000.78 002.46 35 0 0 1388
002.33 000.78 002.46 001.82 35 0 0 1389
000.78 002.46 001.82 002.94 35 0 0 1390
002.46 001.82 002.94 002.18 35 0 0 1391
001.82 002.94 002.18 003.16 35 0 0 1392
002.94 002.18 003.16 002.31 35 0 0 1393
002.18 003.16 002.31 003.22 35 0 0 1394
003.16 002.31 003.22 001.95 35 0 0 1395
002.31 003.22 001.95 002.72 35 0 0 1396
003.22 001.95 002.72 001.76 35 0 0 1397
001.95 002.72 001.76 002.82 35 0 0 1398
002.72 001.76 002.82 001.59 35 0 0 1399
001.76 002.82 001.59 002.52 35 0 0 1400
002.82 001.59 002.52 001.55 35 0 0 1401
001.59 002.52 001.55 002.71 35 0 0 1402
002.52 001.55 002.71 001.34 35 0 0 1403
001.55 002.71 001.34 002.30 35 0 0 1404
002.71 001.34 002.30 001.38 35 0 0 1405
001.34 002.30 001.38 002.53 35 0 0 1406
002.30 001.38 002.53 001.45 35 0 0 1407
001.38 002.53 001.45 003.14 35 0 0 1408
002.53 001.45 003.14 002.35 35 0 0 1409
001.45 003.14 002.35 003.72 35 0 0 1410
003.14 002.35 003.72 002.68 35 0 0 1411
002.35 003.72 002.68 003.80 35 0 0 1412
003.72 002.68 003.80 002.38 35 0 0 1413
002.68 003.80 002.38 003.87 35 0 0 1414
003.80 002.38 003.87 002.87 35 0 0 1415
002.38 003.87 002.87 004.70 35 0 0 1416
003.87 002.87 004.70 003.81 35 0 0 1417
002.87 004.70 003.81 004.65 35 0 0 1418
004.70 003.81 004.65 003.77 35 0 0 1419
003.81 004.65 003.77 004.94 35 0 0 1420
004.65 003.77 004.94 003.85 35 0 0 1421
003.77 004.94 003.85 004.85 35 0 0 1422
004.94 003.85 004.85 003.77 35 0 0 1423
003.85 004.85 003.77 004.53 35 0 0 1424
004.85 003.77 004.53 003.38 35 0 0 1425
003.77 004.53 003.38 004.48 35 0 0 1426
004.53 003.38 004.48 003.33 35 0 0 1427
003.38 004.48 003.33 005.17 35 0 0 1428
004.48 003.33 005.17 004.12 35 0 0 1429
003.33 005.17 004.12 004.68 35 0 0 1430
005.17 004.12 004.68 003.28 35 0 0 1431
004.12 004.68 003.28 004.87 35 0 0 1432
004.68 003.28 004.87 004.90 35 0 0 1433
003.28 004.87 004.90 008.67 36 2 0 1434
004.87 004.90 008.67 011.71 36 2 0 1435
004.90 008.67 011.71 014.80 36 2 2 1436
008.67 011.71 014.80 018.39 36 2 2 1437
011.71 014.80 018.39 025.54 36 2 2 1438
014.80 018.39 025.54 034.14 36 2 2 1439
018.39 025.54 034.14 052.44 37 3 2 1440
025.54 034.14 052.44 075.14 37 3 2 1441
034.14 052.44 075.14 099.17 37 3 3 1442
052.44 075.14 099.17 134.32 37 3 3 1443
075.14 099.17 134.32 186.23 37 3 3 1444
099.17 134.32 186.23 205.19 37 3 3 1445
134.32 186.23 205.19 198.85 37 3 3 1446
186.23 205.19 198.85 180.81 37 3 3 1447
205.19 198.85 180.81 185.26 37 3 3 1448
198.85 180.81 185.26 178.82 37 3 3 1449
180.81 185.26 178.82 167.31 37 3 3 1450
185.26 178.82 167.31 166.41 37 3 3 1451
178.82 167.31 166.41 179.33 37 3 3 1452
167.31 166.41 179.33 185.08 37 3 3 1453
166.41 179.33 185.08 195.52 37 3 3 1454
179.33 185.08 195.52 210.00 37 3 3 1455
185.08 195.52 210.00 223.78 37 3 3 1456
195.52 210.00 223.78 230.82 37 3 3 1457
210.00 223.78 230.82 237.17 37 3 3 1458
223.78 230.82 237.17 238.38 37 3 3 1459
230.82 237.17 238.38 239.64 37 3 3 1460
237.17 238.38 239.64 238.01 37 3 3 1461
238.38 239.64 238.01 237.56 37 3 3 1462
239.64 238.01 237.56 233.62 37 3 3 1463
238.01 237.56 233.62 232.07 37 3 3 1464
237.56 233.62 232.07 228.05 37 3 3 1465
233.62 232.07 228.05 226.43 37 3 3 1466
232.07 228.05 226.43 222.59 37 3 3 1467
228.05 226.43 222.59 221.28 37 3 3 1468
226.43 222.59 221.28 219.61 37 3 3 1469
222.59 221.28 219.61 220.70 37 3 3 1470
221.28 219.61 220.70 220.53 37 3 3 1471
219.61 220.70 220.53 216.96 37 3 3 1472
220.70 220.53 216.96 212.11 37 3 3 1473
220.53 216.96 212.11 208.97 37 3 3 1474
216.96 212.11 208.97 198.54 37 3 3 1475
212.11 208.97 198.54 191.22 37 3 3 1476
208.97 198.54 191.22 187.68 37 3 3 1477
198.54 191.22 187.68 187.58 37 3 3 1478
191.22 187.68 187.58 187.85 37 3 3 1479
187.68 187.58 187.85 190.68 37 3 3 1480
187.58 187.85 190.68 191.51 37 3 3 1481
187.85 190.68 191.51 192.92 37 3 3 1482
190.68 191.51 192.92 196.38 37 3 3 1483
191.51 192.92 196.38 200.98 37 3 3 1484
192.92 196.38 200.98 203.68 37 3 3 1485
196.38 200.98 203.68 208.37 37 3 3 1486
200.98 203.68 208.37 212.27 37 3 3 1487
203.68 208.37 212.27 215.86 37 3 3 1488
208.37 212.27 215.86 218.42 37 3 3 1489
212.27 215.86 218.42 221.01 37 3 3 1490
215.86 218.42 221.01 222.23 37 3 3 1491
218.42 221.01 222.23 224.72 37 3 3 1492
221.01 222.23 224.72 226.28 37 3 3 1493
222.23 224.72 226.28 227.59 37 3 3 1494
224.72 226.28 227.59 227.92 37 3 3 1495
226.28 227.59 227.92 227.76 37 3 3 1496
227.59 227.92 227.76 226.47 37 3 3 1497
227.92 227.76 226.47 225.41 37 3 3 1498
227.76 226.47 225.41 222.84 37 3 3 1499
226.47 225.41 222.84 220.21 37 3 3 1500
225.41 222.84 220.21 216.57 37 3 3 1501
222.84 220.21 216.57 213.27 37 3 3 1502
220.21 216.57 213.27 211.09 37 3 3 1503
216.57 213.27 211.09 210.36 37 3 3 1504
213.27 211.09 210.36 209.05 37 3 3 1505
211.09 210.36 209.05 207.36 37 3 3 1506
210.36 209.05 207.36 206.58 37 3 3 1507
209.05 207.36 206.58 206.40 37 3 3 1508
207.36 206.58 206.40 208.02 37 3 3 1509
206.58 206.40 208.02 210.46 37 3 3 1510
206.40 208.02 210.46 211.89 37 3 3 1511
208.02 210.46 211.89 213.34 37 3 3 1512
210.46 211.89 213.34 214.29 37 3 3 1513
211.89 213.34 214.29 207.32 37 3 3 1514
213.34 214.29 207.32 196.38 37 3 3 1515
214.29 207.32 196.38 190.17 37 3 3 1516
207.32 196.38 190.17 186.33 37 3 3 1517
196.38 190.17 186.33 185.54 37 3 3 1518
190.17 186.33 185.54 184.53 37 3 3 1519
186.33 185.54 184.53 184.97 37 3 3 1520
185.54 184.53 184.97 186.51 37 3 3 1521
184.53 184.97 186.51 186.95 37 3 3 1522
184.97 186.51 186.95 187.13 37 3 3 1523
186.51 186.95 187.13 185.84 37 3 3 1524
186.95 187.13 185.84 186.64 37 3 3 1525
187.13 185.84 186.64 186.74 37 3 3 1526
185.84 186.64 186.74 189.16 37 3 3 1527
186.64 186.74 189.16 190.39 37 3 3 1528
186.74 189.16 190.39 192.01 37 3 3 1529
189.16 190.39 192.01 186.49 37 3 3 1530
190.39 192.01 186.49 168.23 37 3 3 1531
192.01 186.49 168.23 144.15 37 3 3 1532
186.49 168.23 144.15 120.26 37 3 3 1533
168.23 144.15 120.26 093.54 37 3 3 1534
144.15 120.26 093.54 071.45 37 3 3 1535
120.26 093.54 071.45 054.27 37 3 3 1536
093.54 071.45 054.27 041.04 37 3 3 1537
071.45 054.27 041.04 024.19 38 1 3 1538
054.27 041.04 024.19 016.39 38 1 1 1539
041.04 024.19 016.39 014.96 38 1 1 1540
024.19 016.39 014.96 013.59 38 1 1 1541
016.39 014.96 013.59 007.38 38 1 1 1542
014.96 013.59 007.38 003.32 38 1 1 1543
013.59 007.38 003.32 001.66 39 0 0 1544
007.38 003.32 001.66 002.30 39 0 0 1545
003.32 001.66 002.30 002.18 39 0 0 1546
001.66 002.30 002.18 002.00 39 0 0 1547
002.30 002.18 002.00 001.87 39 0 0 1548
002.18 002.00 001.87 001.88 39 0 0 1549
002.00 001.87 001.88 001.74 39 0 0 1550
001.87 001.88 001.74 002.34 39 0 0 1551
001.88 001.74 002.34 001.38 39 0 0 1552
001.74 002.34 001.38 002.44 39 0 0 1553
002.34 001.38 002.44 001.57 39 0 0 1554
001.38 002.44 001.57 002.04 39 0 0 1555
002.44 001.57 002.04 001.38 39 0 0 1556
001.57 002.04 001.38 002.19 39 0 0 1557
002.04 001.38 002.19 001.18 39 0 0 1558
001.38 002.19 001.18 001.91 39 0 0 1559
002.19 001.18 001.91 001.66 39 0 0 1560
001.18 001.91 001.66 002.00 39 0 0 1561
001.91 001.66 002.00 001.13 39 0 0 1562
001.66 002.00 001.13 002.09 39 0 0 1563
002.00 001.13 002.09 000.87 39 0 0 1564
001.13 002.09 000.87 002.08 39 0 0 1565
002.09 000.87 002.08 001.35 39 0 0 1566
000.87 002.08 001.35 001.94 39 0 0 1567
002.08 001.35 001.94 001.44 39 0 0 1568
001.35 001.94 001.44 002.29 39 0 0 1569
001.94 001.44 002.29 001.54 39 0 0 1570
001.44 002.29 001.54 002.61 39 0 0 1571
002.29 001.54 002.61 001.79 39 0 0 1572
001.54 002.61 001.79 003.18 39 0 0 1573
002.61 001.79 003.18 002.21 39 0 0 1574
001.79 003.18 002.21 003.27 39 0 0 1575
003.18 002.21 003.27 002.15 39 0 0 1576
002.21 003.27 002.15 003.69 39 0 0 1577
003.27 002.15 003.69 002.11 39 0 0 1578
002.15 003.69 002.11 003.55 39 0 0 1579
003.69 002.11 003.55 002.23 39 0 0 1580
002.11 003.55 002.23 003.24 39 0 0 1581
003.55 002.23 003.24 002.69 39 0 0 1582
002.23 003.24 002.69 004.26 39 0 0 1583
003.24 002.69 004.26 003.13 39 0 0 1584
002.69 004.26 003.13 004.52 39 0 0 1585
004.26 003.13 004.52 003.37 39 0 0 1586
003.13 004.52 003.37 004.77 39 0 0 1587
004.52 003.37 004.77 003.68 39 0 0 1588
003.37 004.77 003.68 005.18 39 0 0 1589
004.77 003.68 005.18 003.85 39 0 0 1590
003.68 005.18 003.85 005.69 39 0 0 1591
005.18 003.85 005.69 004.16 39 0 0 1592
003.85 005.69 004.16 005.44 40 2 0 1593
005.69 004.16 005.44 013.90 40 2 0 1594
004.16 005.44 013.90 022.57 40 2 2 1595
005.44 013.90 022.57 022.24 40 2 2 1596
013.90 022.57 022.24 026.71 40 2 2 1597
022.57 022.24 026.71 030.15 40 2 2 1598
022.24 026.71 030.15 037.02 41 3 2 1599
026.71 030.15 037.02 044.00 41 3 2 1600
030.15 037.02 044.00 060.46 41 3 3 1601
037.02 044.00 060.46 073.34 41 3 3 1602
044.00 060.46 073.34 089.29 41 3 3 1603
060.46 073.34 089.29 088.30 41 3 3 1604
073.34 089.29 088.30 087.28 41 3 3 1605
089.29 088.30 087.28 091.93 41 3 3 1606
088.30 087.28 091.93 113.10 41 3 3 1607
087.28 091.93 113.10 132.69 41 3 3 1608
091.93 113.10 132.69 142.91 41 3 3 1609
113.10 132.69 142.91 142.97 41 3 3 1610
132.69 142.91 142.97 147.62 41 3 3 1611
142.91 142.97 147.62 149.32 41 3 3 1612
142.97 147.62 149.32 156.72 41 3 3 1613
147.62 149.32 156.72 159.99 41 3 3 1614
149.32 156.72 159.99 168.51 41 3 3 1615
156.72 159.99 168.51 177.80 41 3 3 1616
159.99 168.51 177.80 187.40 41 3 3 1617
168.51 177.80 187.40 190.66 41 3 3 1618
177.80 187.40 190.66 194.81 41 3 3 1619
187.40 190.66 194.81 195.22 41 3 3 1620
190.66 194.81 195.22 198.91 41 3 3 1621
194.81 195.22 198.91 198.93 41 3 3 1622
195.22 198.91 198.93 202.18 41 3 3 1623
198.91 198.93 202.18 201.31 41 3 3 1624
198.93 202.18 201.31 203.51 41 3 3 1625
202.18 201.31 203.51 202.38 41 3 3 1626
201.31 203.51 202.38 205.02 41 3 3 1627
203.51 202.38 205.02 203.37 41 3 3 1628
202.38 205.02 203.37 205.83 41 3 3 1629
205.02 203.37 205.83 205.17 41 3 3 1630
203.37 205.83 205.17 207.61 41 3 3 1631
205.83 205.17 207.61 206.25 41 3 3 1632
205.17 207.61 206.25 207.39 41 3 3 1633
207.61 206.25 207.39 200.59 41 3 3 1634
206.25 207.39 200.59 199.32 41 3 3 1635
207.39 200.59 199.32 194.29 41 3 3 1636
200.59 199.32 194.29 193.62 41 3 3 1637
199.32 194.29 193.62 189.35 41 3 3 1638
194.29 193.62 189.35 190.33 41 3 3 1639
193.62 189.35 190.33 186.79 41 3 3 1640
189.35 190.33 186.79 188.72 41 3 3 1641
190.33 186.79 188.72 186.33 41 3 3 1642
186.79 188.72 186.33 188.85 41 3 3 1643
188.72 186.33 188.85 187.27 41 3 3 1644
186.33 188.85 187.27 190.00 41 3 3 1645
188.85 187.27 190.00 188.50 41 3 3 1646
187.27 190.00 188.50 191.00 41 3 3 1647
190.00 188.50 191.00 189.19 41 3 3 1648
188.50 191.00 189.19 191.35 41 3 3 1649
191.00 189.19 191.35 188.99 41 3 3 1650
189.19 191.35 188.99 190.44 41 3 3 1651
191.35 188.99 190.44 187.71 41 3 3 1652
188.99 190.44 187.71 189.70 41 3 3 1653
190.44 187.71 189.70 189.48 41 3 3 1654
187.71 189.70 189.48 193.85 41 3 3 1655
189.70 189.48 193.85 193.45 41 3 3 1656
189.48 193.85 193.45 197.11 41 3 3 1657
193.85 193.45 197.11 197.31 41 3 3 1658
193.45 197.11 197.31 200.12 41 3 3 1659
197.11 197.31 200.12 198.87 41 3 3 1660
197.31 200.12 198.87 202.49 41 3 3 1661
200.12 198.87 202.49 202.82 41 3 3 1662
198.87 202.49 202.82 207.43 41 3 3 1663
202.49 202.82 207.43 209.12 41 3 3 1664
202.82 207.43 209.12 213.51 41 3 3 1665
207.43 209.12 213.51 214.37 41 3 3 1666
209.12 213.51 214.37 217.65 41 3 3 1667
213.51 214.37 217.65 217.36 41 3 3 1668
214.37 217.65 217.36 217.71 41 3 3 1669
217.65 217.36 217.71 215.60 41 3 3 1670
217.36 217.71 215.60 216.68 41 3 3 1671
217.71 215.60 216.68 214.66 41 3 3 1672
215.60 216.68 214.66 215.62 41 3 3 1673
216.68 214.66 215.62 213.49 41 3 3 1674
214.66 215.62 213.49 215.24 41 3 3 1675
215.62 213.49 215.24 214.76 41 3 3 1676
213.49 215.24 214.76 217.62 41 3 3 1677
215.24 214.76 217.62 216.58 41 3 3 1678
214.76 217.62 216.58 218.30 41 3 3 1679
217.62 216.58 218.30 216.65 41 3 3 1680
216.58 218.30 216.65 218.33 41 3 3 1681
218.30 216.65 218.33 218.27 41 3 3 1682
216.65 218.33 218.27 220.90 41 3 3 1683
218.33 218.27 220.90 221.09 41 3 3 1684
218.27 220.90 221.09 224.33 41 3 3 1685
220.90 221.09 224.33 224.97 41 3 3 1686
221.09 224.33 224.97 228.80 41 3 3 1687
224.33 224.97 228.80 230.15 41 3 3 1688
224.97 228.80 230.15 234.09 41 3 3 1689
228.80 230.15 234.09 234.89 41 3 3 1690
230.15 234.09 234.89 227.59 41 3 3 1691
234.09 234.89 227.59 202.62 41 3 3 1692
234.89 227.59 202.62 174.04 41 3 3 1693
227.59 202.62 174.04 139.86 41 3 3 1694
202.62 174.04 139.86 107.31 41 3 3 1695
174.04 139.86 107.31 080.48 41 3 3 1696
139.86 107.31 080.48 063.88 41 3 3 1697
107.31 080.48 063.88 043.71 41 3 3 1698
080.48 063.88 043.71 034.04 41 3 3 1699
063.88 043.71 034.04 022.73 42 1 3 1700
043.71 034.04 022.73 022.44 42 1 1 1701
034.04 022.73 022.44 018.24 42 1 1 1702
022.73 022.44 018.24 010.75 42 1 1 1703
022.44 018.24 010.75 003.42 42 1 1 1704
018.24 010.75 003.42 001.74 42 1 1 1705
010.75 003.42 001.74 001.35 43 0 0 1706
003.42 001.74 001.35 002.35 43 0 0 1707
001.74 001.35 002.35 001.47 43 0 0 1708
001.35 002.35 001.47 002.49 43 0 0 1709
002.35 001.47 002.49 001.86 43 0 0 1710
001.47 002.49 001.86 002.66 43 0 0 1711
002.49 001.86 002.66 002.12 43 0 0 1712
001.86 002.66 002.12 002.30 43 0 0 1713
002.66 002.12 002.30 001.10 43 0 0 1714
002.12 002.30 001.10 002.11 43 0 0 1715
002.30 001.10 002.11 001.72 43 0 0 1716
001.10 002.11 001.72 001.74 43 0 0 1717
002.11 001.72 001.74 001.40 43 0 0 1718
001.72 001.74 001.40 002.27 43 0 0 1719
001.74 001.40 002.27 001.20 43 0 0 1720
001.40 002.27 001.20 001.84 43 0 0 1721
002.27 001.20 001.84 001.87 43 0 0 1722
001.20 001.84 001.87 002.11 43 0 0 1723
001.84 001.87 002.11 001.97 43 0 0 1724
001.87 002.11 001.97 002.16 43 0 0 1725
002.11 001.97 002.16 001.64 43 0 0 1726
001.97 002.16 001.64 002.48 43 0 0 1727
002.16 001.64 002.48 002.20 43 0 0 1728
001.64 002.48 002.20 002.72 43 0 0 1729
002.48 002.20 002.72 002.04 43 0 0 1730
002.20 002.72 002.04 002.66 43 0 0 1731
002.72 002.04 002.66 002.29 43 0 0 1732
002.04 002.66 002.29 002.65 43 0 0 1733
002.66 002.29 002.65 002.52 43 0 0 1734
002.29 002.65 002.52 003.18 43 0 0 1735
002.65 002.52 003.18 003.29 43 0 0 1736
002.52 003.18 003.29 003.18 43 0 0 1737
003.18 003.29 003.18 002.85 43 0 0 1738
003.29 003.18 002.85 003.04 43 0 0 1739
003.18 002.85 003.04 002.59 43 0 0 1740
002.85 003.04 002.59 002.56 43 0 0 1741
003.04 002.59 002.56 002.21 43 0 0 1742
002.59 002.56 002.21 002.32 43 0 0 1743
002.56 002.21 002.32 001.96 43 0 0 1744
002.21 002.32 001.96 001.97 43 0 0 1745
002.32 001.96 001.97 002.16 43 0 0 1746
001.96 001.97 002.16 002.26 43 0 0 1747
001.97 002.16 002.26 002.26 43 0 0 1748
002.16 002.26 002.26 002.54 43 0 0 1749
002.26 002.26 002.54 003.61 43 0 0 1750
002.26 002.54 003.61 006.98 43 0 0 1751
002.54 003.61 006.98 011.84 44 2 0 1752
003.61 006.98 011.84 012.80 44 2 0 1753
006.98 011.84 012.80 012.91 44 2 2 1754
011.84 012.80 012.91 016.38 44 2 2 1755
012.80 012.91 016.38 023.42 44 2 2 1756
012.91 016.38 023.42 035.39 44 2 2 1757
016.38 023.42 035.39 055.52 45 3 2 1758
023.42 035.39 055.52 079.48 45 3 2 1759
035.39 055.52 079.48 102.75 45 3 3 1760
055.52 079.48 102.75 123.07 45 3 3 1761
079.48 102.75 123.07 145.30 45 3 3 1762
102.75 123.07 145.30 162.09 45 3 3 1763
123.07 145.30 162.09 176.42 45 3 3 1764
145.30 162.09 176.42 184.57 45 3 3 1765
162.09 176.42 184.57 186.23 45 3 3 1766
176.42 184.57 186.23 188.91 45 3 3 1767
184.57 186.23 188.91 175.05 45 3 3 1768
186.23 188.91 175.05 164.83 45 3 3 1769
188.91 175.05 164.83 176.33 45 3 3 1770
175.05 164.83 176.33 187.46 45 3 3 1771
164.83 176.33 187.46 199.86 45 3 3 1772
176.33 187.46 199.86 214.18 45 3 3 1773
187.46 199.86 214.18 225.37 45 3 3 1774
199.86 214.18 225.37 231.33 45 3 3 1775
214.18 225.37 231.33 236.62 45 3 3 1776
225.37 231.33 236.62 234.82 45 3 3 1777
231.33 236.62 234.82 231.88 45 3 3 1778
236.62 234.82 231.88 227.43 45 3 3 1779
234.82 231.88 227.43 223.08 45 3 3 1780
231.88 227.43 223.08 218.43 45 3 3 1781
227.43 223.08 218.43 215.15 45 3 3 1782
223.08 218.43 215.15 211.00 45 3 3 1783
218.43 215.15 211.00 208.76 45 3 3 1784
215.15 211.00 208.76 204.84 45 3 3 1785
211.00 208.76 204.84 202.34 45 3 3 1786
208.76 204.84 202.34 198.40 45 3 3 1787
204.84 202.34 198.40 193.76 45 3 3 1788
202.34 198.40 193.76 189.12 45 3 3 1789
198.40 193.76 189.12 186.03 45 3 3 1790
193.76 189.12 186.03 182.64 45 3 3 1791
189.12 186.03 182.64 180.28 45 3 3 1792
186.03 182.64 180.28 178.79 45 3 3 1793
182.64 180.28 178.79 179.06 45 3 3 1794
180.28 178.79 179.06 179.27 45 3 3 1795
178.79 179.06 179.27 181.11 45 3 3 1796
179.06 179.27 181.11 182.26 45 3 3 1797
179.27 181.11 182.26 184.77 45 3 3 1798
181.11 182.26 184.77 185.98 45 3 3 1799
182.26 184.77 185.98 188.59 45 3 3 1800
184.77 185.98 188.59 189.46 45 3 3 1801
185.98 188.59 189.46 190.92 45 3 3 1802
188.59 189.46 190.92 190.97 45 3 3 1803
189.46 190.92 190.97 193.08 45 3 3 1804
190.92 190.97 193.08 194.11 45 3 3 1805
190.97 193.08 194.11 196.66 45 3 3 1806
193.08 194.11 196.66 198.07 45 3 3 1807
194.11 196.66 198.07 200.92 45 3 3 1808
196.66 198.07 200.92 202.91 45 3 3 1809
198.07 200.92 202.91 206.18 45 3 3 1810
200.92 202.91 206.18 208.00 45 3 3 1811
202.91 206.18 208.00 211.77 45 3 3 1812
206.18 208.00 211.77 214.10 45 3 3 1813
208.00 211.77 214.10 213.12 45 3 3 1814
211.77 214.10 213.12 214.78 45 3 3 1815
214.10 213.12 214.78 218.42 45 3 3 1816
213.12 214.78 218.42 219.26 45 3 3 1817
214.78 218.42 219.26 221.69 45 3 3 1818
218.42 219.26 221.69 222.44 45 3 3 1819
219.26 221.69 222.44 224.85 45 3 3 1820
221.69 222.44 224.85 225.12 45 3 3 1821
222.44 224.85 225.12 227.92 45 3 3 1822
224.85 225.12 227.92 227.00 45 3 3 1823
225.12 227.92 227.00 228.01 45 3 3 1824
227.92 227.00 228.01 226.63 45 3 3 1825
227.00 228.01 226.63 226.76 45 3 3 1826
228.01 226.63 226.76 225.80 45 3 3 1827
226.63 226.76 225.80 227.59 45 3 3 1828
226.76 225.80 227.59 228.87 45 3 3 1829
225.80 227.59 228.87 231.45 45 3 3 1830
227.59 228.87 231.45 232.30 45 3 3 1831
228.87 231.45 232.30 234.92 45 3 3 1832
231.45 232.30 234.92 235.69 45 3 3 1833
232.30 234.92 235.69 237.44 45 3 3 1834
234.92 235.69 237.44 237.17 45 3 3 1835
235.69 237.44 237.17 238.42 45 3 3 1836
237.44 237.17 238.42 237.46 45 3 3 1837
237.17 238.42 237.46 238.82 45 3 3 1838
238.42 237.46 238.82 237.99 45 3 3 1839
237.46 238.82 237.99 239.70 45 3 3 1840
238.82 237.99 239.70 239.81 45 3 3 1841
237.99 239.70 239.81 242.34 45 3 3 1842
239.70 239.81 242.34 242.55 45 3 3 1843
239.81 242.34 242.55 244.78 45 3 3 1844
242.34 242.55 244.78 245.28 45 3 3 1845
242.55 244.78 245.28 247.75 45 3 3 1846
244.78 245.28 247.75 244.29 45 3 3 1847
245.28 247.75 244.29 226.95 45 3 3 1848
247.75 244.29 226.95 198.26 45 3 3 1849
244.29 226.95 198.26 169.30 45 3 3 1850
226.95 198.26 169.30 136.89 45 3 3 1851
198.26 169.30 136.89 106.84 45 3 3 1852
169.30 136.89 106.84 077.48 45 3 3 1853
136.89 106.84 077.48 061.39 45 3 3 1854
106.84 077.48 061.39 046.54 45 3 3 1855
077.48 061.39 046.54 032.16 45 3 3 1856
061.39 046.54 032.16 022.08 46 1 3 1857
046.54 032.16 022.08 019.15 46 1 1 1858
032.16 022.08 019.15 016.63 46 1 1 1859
022.08 019.15 016.63 015.57 46 1 1 1860
019.15 016.63 015.57 009.03 46 1 1 1861
016.63 015.57 009.03 004.43 46 1 1 1862
015.57 009.03 004.43 000.43 47 0 0 1863
009.03 004.43 000.43 001.84 47 0 0 1864
004.43 000.43 001.84 000.73 47 0 0 1865
000.43 001.84 000.73 001.91 47 0 0 1866
001.84 000.73 001.91 000.95 47 0 0 1867
000.73 001.91 000.95 002.22 47 0 0 1868
001.91 000.95 002.22 001.10 47 0 0 1869
000.95 002.22 001.10 002.07 47 0 0 1870
002.22 001.10 002.07 001.20 47 0 0 1871
001.10 002.07 001.20 001.94 47 0 0 1872
002.07 001.20 001.94 000.64 47 0 0 1873
001.20 001.94 000.64 001.86 47 0 0 1874
001.94 000.64 001.86 000.95 47 0 0 1875
000.64 001.86 000.95 001.63 47 0 0 1876
001.86 000.95 001.63 000.53 47 0 0 1877
000.95 001.63 000.53 001.79 47 0 0 1878
001.63 000.53 001.79 000.67 47 0 0 1879
000.53 001.79 000.67 001.55 47 0 0 1880
001.79 000.67 001.55 000.59 47 0 0 1881
000.67 001.55 000.59 001.60 47 0 0 1882
001.55 000.59 001.60 000.65 47 0 0 1883
000.59 001.60 000.65 001.43 47 0 0 1884
001.60 000.65 001.43 000.52 47 0 0 1885
000.65 001.43 000.52 001.66 47 0 0 1886
001.43 000.52 001.66 000.55 47 0 0 1887
000.52 001.66 000.55 001.47 47 0 0 1888
001.66 000.55 001.47 000.64 47 0 0 1889
000.55 001.47 000.64 001.83 47 0 0 1890
001.47 000.64 001.83 000.76 47 0 0 1891
000.64 001.83 000.76 001.75 47 0 0 1892
001.83 000.76 001.75 000.69 47 0 0 1893
000.76 001.75 000.69 001.74 47 0 0 1894
001.75 000.69 001.74 000.42 47 0 0 1895
000.69 001.74 000.42 001.82 47 0 0 1896
001.74 000.42 001.82 000.32 47 0 0 1897
000.42 001.82 000.32 002.09 47 0 0 1898
001.82 000.32 002.09 000.34 47 0 0 1899
000.32 002.09 000.34 001.91 47 0 0 1900
002.09 000.34 001.91 000.42 47 0 0 1901
000.34 001.91 000.42 001.47 47 0 0 1902
001.91 000.42 001.47 000.44 47 0 0 1903
000.42 001.47 000.44 001.51 47 0 0 1904
001.47 000.44 001.51 000.52 47 0 0 1905
000.44 001.51 000.52 001.71 47 0 0 1906
001.51 000.52 001.71 001.05 47 0 0 1907
000.52 001.71 001.05 001.92 47 0 0 1908
001.71 001.05 001.92 001.19 47 0 0 1909
001.05 001.92 001.19 001.81 47 0 0 1910
001.92 001.19 001.81 001.05 47 0 0 1911
001.19 001.81 001.05 002.11 47 0 0 1912
001.81 001.05 002.11 002.24 47 0 0 1913
001.05 002.11 002.24 004.03 47 0 0 1914
002.11 002.24 004.03 004.63 48 2 0 1915
002.24 004.03 004.63 008.99 48 2 0 1916
004.03 004.63 008.99 011.89 48 2 2 1917
004.63 008.99 011.89 018.11 48 2 2 1918
008.99 011.89 018.11 025.08 48 2 2 1919
011.89 018.11 025.08 044.58 48 2 2 1920
018.11 025.08 044.58 069.57 49 3 2 1921
025.08 044.58 069.57 096.66 49 3 2 1922
044.58 069.57 096.66 116.63 49 3 3 1923
069.57 096.66 116.63 131.09 49 3 3 1924
096.66 116.63 131.09 141.67 49 3 3 1925
116.63 131.09 141.67 156.23 49 3 3 1926
131.09 141.67 156.23 172.23 49 3 3 1927
141.67 156.23 172.23 197.06 49 3 3 1928
156.23 172.23 197.06 217.34 49 3 3 1929
172.23 197.06 217.34 226.11 49 3 3 1930
197.06 217.34 226.11 227.93 49 3 3 1931
217.34 226.11 227.93 214.03 49 3 3 1932
226.11 227.93 214.03 194.25 49 3 3 1933
227.93 214.03 194.25 202.98 49 3 3 1934
214.03 194.25 202.98 229.40 49 3 3 1935
194.25 202.98 229.40 242.94 49 3 3 1936
202.98 229.40 242.94 250.77 49 3 3 1937
229.40 242.94 250.77 256.53 49 3 3 1938
242.94 250.77 256.53 254.79 49 3 3 1939
250.77 256.53 254.79 257.21 49 3 3 1940
256.53 254.79 257.21 254.83 49 3 3 1941
254.79 257.21 254.83 252.07 49 3 3 1942
257.21 254.83 252.07 246.07 49 3 3 1943
254.83 252.07 246.07 243.65 49 3 3 1944
252.07 246.07 243.65 238.82 49 3 3 1945
246.07 243.65 238.82 234.70 49 3 3 1946
243.65 238.82 234.70 228.28 49 3 3 1947
238.82 234.70 228.28 224.20 49 3 3 1948
234.70 228.28 224.20 218.54 49 3 3 1949
228.28 224.20 218.54 214.97 49 3 3 1950
224.20 218.54 214.97 209.64 49 3 3 1951
218.54 214.97 209.64 206.73 49 3 3 1952
214.97 209.64 206.73 202.68 49 3 3 1953
209.64 206.73 202.68 200.56 49 3 3 1954
206.73 202.68 200.56 196.36 49 3 3 1955
202.68 200.56 196.36 195.37 49 3 3 1956
200.56 196.36 195.37 193.62 49 3 3 1957
196.36 195.37 193.62 193.48 49 3 3 1958
195.37 193.62 193.48 191.91 49 3 3 1959
193.62 193.48 191.91 192.94 49 3 3 1960
193.48 191.91 192.94 192.01 49 3 3 1961
191.91 192.94 192.01 192.94 49 3 3 1962
192.94 192.01 192.94 192.13 49 3 3 1963
192.01 192.94 192.13 193.52 49 3 3 1964
192.94 192.13 193.52 192.92 49 3 3 1965
192.13 193.52 192.92 193.79 49 3 3 1966
193.52 192.92 193.79 193.68 49 3 3 1967
192.92 193.79 193.68 195.44 49 3 3 1968
193.79 193.68 195.44 195.19 49 3 3 1969
193.68 195.44 195.19 196.90 49 3 3 1970
195.44 195.19 196.90 196.78 49 3 3 1971
195.19 196.90 196.78 198.40 49 3 3 1972
196.90 196.78 198.40 198.69 49 3 3 1973
196.78 198.40 198.69 200.76 49 3 3 1974
198.40 198.69 200.76 201.54 49 3 3 1975
198.69 200.76 201.54 203.62 49 3 3 1976
200.76 201.54 203.62 205.00 49 3 3 1977
201.54 203.62 205.00 207.08 49 3 3 1978
203.62 205.00 207.08 208.72 49 3 3 1979
205.00 207.08 208.72 212.94 49 3 3 1980
207.08 208.72 212.94 216.03 49 3 3 1981
208.72 212.94 216.03 216.37 49 3 3 1982
212.94 216.03 216.37 210.24 49 3 3 1983
216.03 216.37 210.24 206.42 49 3 3 1984
216.37 210.24 206.42 202.33 49 3 3 1985
210.24 206.42 202.33 203.88 49 3 3 1986
206.42 202.33 203.88 205.86 49 3 3 1987
202.33 203.88 205.86 208.40 49 3 3 1988
203.88 205.86 208.40 207.72 49 3 3 1989
205.86 208.40 207.72 211.65 49 3 3 1990
208.40 207.72 211.65 212.80 49 3 3 1991
207.72 211.65 212.80 214.22 49 3 3 1992
211.65 212.80 214.22 214.67 49 3 3 1993
212.80 214.22 214.67 216.42 49 3 3 1994
214.22 214.67 216.42 217.04 49 3 3 1995
214.67 216.42 217.04 217.33 49 3 3 1996
216.42 217.04 217.33 217.30 49 3 3 1997
217.04 217.33 217.30 217.43 49 3 3 1998
217.33 217.30 217.43 217.36 49 3 3 1999
217.30 217.43 217.36 218.82 49 3 3 2000
217.43 217.36 218.82 219.57 49 3 3 2001
217.36 218.82 219.57 220.20 49 3 3 2002
218.82 219.57 220.20 214.30 49 3 3 2003
219.57 220.20 214.30 202.46 49 3 3 2004
220.20 214.30 202.46 176.46 49 3 3 2005
214.30 202.46 176.46 143.98 49 3 3 2006
202.46 176.46 143.98 107.02 49 3 3 2007
176.46 143.98 107.02 076.12 49 3 3 2008
143.98 107.02 076.12 049.62 49 3 3 2009
107.02 076.12 049.62 029.12 50 1 3 2010
076.12 049.62 029.12 019.97 50 1 1 2011
049.62 029.12 019.97 015.86 50 1 1 2012
029.12 019.97 015.86 014.52 50 1 1 2013
019.97 015.86 014.52 010.88 50 1 1 2014
015.86 014.52 010.88 005.75 50 1 1 2015
014.52 010.88 005.75 001.67 51 0 0 2016
010.88 005.75 001.67 001.42 51 0 0 2017
005.75 001.67 001.42 001.20 51 0 0 2018
001.67 001.42 001.20 001.38 51 0 0 2019
001.42 001.20 001.38 001.17 51 0 0 2020
001.20 001.38 001.17 001.23 51 0 0 2021
001.38 001.17 001.23 001.36 51 0 0 2022
001.17 001.23 001.36 000.95 51 0 0 2023
001.23 001.36 000.95 000.34 51 0 0 2024
001.36 000.95 000.34 000.89 51 0 0 2025
000.95 000.34 000.89 000.58 51 0 0 2026
000.34 000.89 000.58 000.45 51 0 0 2027
000.89 000.58 000.45 000.22 51 0 0 2028
000.58 000.45 000.22 000.44 51 0 0 2029
000.45 000.22 000.44 000.25 51 0 0 2030
000.22 000.44 000.25 000.45 51 0 0 2031
000.44 000.25 000.45 -00.01 51 0 0 2032
000.25 000.45 -00.01 000.66 51 0 0 2033
000.45 -00.01 000.66 000.53 51 0 0 2034
-00.01 000.66 000.53 000.61 51 0 0 2035
000.66 000.53 000.61 000.54 51 0 0 2036
000.53 000.61 000.54 001.02 51 0 0 2037
000.61 000.54 001.02 000.50 51 0 0 2038
000.54 001.02 000.50 001.07 51 0 0 2039
001.02 000.50 001.07 001.08 51 0 0 2040
000.50 001.07 001.08 001.53 51 0 0 2041
001.07 001.08 001.53 001.80 51 0 0 2042
001.08 001.53 001.80 001.71 51 0 0 2043
001.53 001.80 001.71 001.97 51 0 0 2044
001.80 001.71 001.97 002.33 51 0 0 2045
001.71 001.97 002.33 002.59 51 0 0 2046
001.97 002.33 002.59 002.89 51 0 0 2047
002.33 002.59 002.89 002.70 51 0 0 2048
002.59 002.89 002.70 002.78 51 0 0 2049
002.89 002.70 002.78 002.74 51 0 0 2050
002.70 002.78 002.74 003.02 51 0 0 2051
002.78 002.74 003.02 002.98 51 0 0 2052
002.74 003.02 002.98 003.50 51 0 0 2053
003.02 002.98 003.50 003.27 51 0 0 2054
002.98 003.50 003.27 003.95 51 0 0 2055
003.50 003.27 003.95 003.57 51 0 0 2056
003.27 003.95 003.57 004.10 51 0 0 2057
003.95 003.57 004.10 004.19 51 0 0 2058
003.57 004.10 004.19 003.85 51 0 0 2059
004.10 004.19 003.85 003.54 51 0 0 2060
004.19 003.85 003.54 004.57 51 0 0 2061
003.85 003.54 004.57 004.30 51 0 0 2062
003.54 004.57 004.30 004.48 51 0 0 2063
004.57 004.30 004.48 004.16 51 0 0 2064
004.30 004.48 004.16 004.70 51 0 0 2065
004.48 004.16 004.70 008.15 52 2 0 2066
004.16 004.70 008.15 019.25 52 2 0 2067
004.70 008.15 019.25 019.35 52 2 2 2068
008.15 019.25 019.35 021.98 52 2 2 2069
019.25 019.35 021.98 027.41 52 2 2 2070
019.35 021.98 027.41 046.69 52 2 2 2071
021.98 027.41 046.69 078.22 53 3 2 2072
027.41 046.69 078.22 106.99 53 3 2 2073
046.69 078.22 106.99 131.44 53 3 3 2074
078.22 106.99 131.44 159.25 53 3 3 2075
106.99 131.44 159.25 183.25 53 3 3 2076
131.44 159.25 183.25 203.82 53 3 3 2077
159.25 183.25 203.82 216.36 53 3 3 2078
183.25 203.82 216.36 220.55 53 3 3 2079
203.82 216.36 220.55 213.47 53 3 3 2080
216.36 220.55 213.47 222.89 53 3 3 2081
220.55 213.47 222.89 226.47 53 3 3 2082
213.47 222.89 226.47 219.53 53 3 3 2083
222.89 226.47 219.53 208.07 53 3 3 2084
226.47 219.53 208.07 208.97 53 3 3 2085
219.53 208.07 208.97 224.18 53 3 3 2086
208.07 208.97 224.18 239.88 53 3 3 2087
208.97 224.18 239.88 250.77 53 3 3 2088
224.18 239.88 250.77 260.72 53 3 3 2089
239.88 250.77 260.72 265.65 53 3 3 2090
250.77 260.72 265.65 270.50 53 3 3 2091
260.72 265.65 270.50 271.11 53 3 3 2092
265.65 270.50 271.11 271.50 53 3 3 2093
270.50 271.11 271.50 265.70 53 3 3 2094
271.11 271.50 265.70 259.29 53 3 3 2095
271.50 265.70 259.29 252.32 53 3 3 2096
265.70 259.29 252.32 247.15 53 3 3 2097
259.29 252.32 247.15 240.30 53 3 3 2098
252.32 247.15 240.30 236.79 53 3 3 2099
247.15 240.30 236.79 232.58 53 3 3 2100
240.30 236.79 232.58 231.03 53 3 3 2101
236.79 232.58 231.03 227.90 53 3 3 2102
232.58 231.03 227.90 223.14 53 3 3 2103
231.03 227.90 223.14 215.76 53 3 3 2104
227.90 223.14 215.76 209.93 53 3 3 2105
223.14 215.76 209.93 203.15 53 3 3 2106
215.76 209.93 203.15 199.87 53 3 3 2107
209.93 203.15 199.87 194.09 53 3 3 2108
203.15 199.87 194.09 191.22 53 3 3 2109
199.87 194.09 191.22 187.26 53 3 3 2110
194.09 191.22 187.26 185.95 53 3 3 2111
191.22 187.26 185.95 183.22 53 3 3 2112
187.26 185.95 183.22 182.82 53 3 3 2113
185.95 183.22 182.82 180.97 53 3 3 2114
183.22 182.82 180.97 181.28 53 3 3 2115
182.82 180.97 181.28 180.06 53 3 3 2116
180.97 181.28 180.06 180.25 53 3 3 2117
181.28 180.06 180.25 179.07 53 3 3 2118
180.06 180.25 179.07 179.08 53 3 3 2119
180.25 179.07 179.08 176.59 53 3 3 2120
179.07 179.08 176.59 177.62 53 3 3 2121
179.08 176.59 177.62 175.77 53 3 3 2122
176.59 177.62 175.77 176.47 53 3 3 2123
177.62 175.77 176.47 175.50 53 3 3 2124
175.77 176.47 175.50 178.07 53 3 3 2125
176.47 175.50 178.07 178.46 53 3 3 2126
